2 0 322 -38.40 -4.63 100.71 
2 0 422 22.20 17.20 105.29 
2 0 622 22.25 -4.03 98.42 
2 1 922 -38.40 14.20 105.29 
2 1 1122 22.26 17.21 114.44 
2 1 1322 22.25 17.95 128.17 
2 2 1622 -38.40 14.91 114.44 
2 2 1822 22.28 17.21 121.31 
2 2 2022 22.25 18.76 128.17 
2 3 2322 -38.40 15.61 135.04 
2 3 2522 22.29 17.21 121.31 
2 3 2722 22.25 19.46 116.73 
2 4 3022 -38.40 16.06 116.73 
2 4 3222 22.30 17.21 121.31 
2 4 3422 22.25 19.87 109.86 
2 5 3722 -38.40 16.38 116.73 
2 5 3922 22.31 17.21 103.00 
2 5 4122 22.25 20.09 89.26 
2 6 4422 -38.40 16.54 107.57 
2 6 4622 22.32 17.21 112.15 
2 6 4824 22.25 20.24 109.86 
2 7 5122 -38.40 16.57 109.86 
2 7 5322 22.32 17.21 112.15 
2 7 5522 22.25 20.24 116.73 
2 8 5822 -38.40 16.51 109.86 
2 8 6022 22.32 17.21 107.57 
2 8 6222 22.25 20.09 109.86 
2 9 6522 -38.40 16.41 107.57 
2 9 6722 22.33 17.21 109.86 
2 9 6922 22.25 19.94 107.57 
2 10 7225 -38.40 16.26 103.00 
2 10 7422 22.34 17.21 128.17 
2 10 7622 22.25 19.72 109.86 
2 11 7925 -38.40 16.13 98.42 
2 11 8122 22.33 17.21 77.82 
2 11 8322 22.25 19.65 98.42 
1 0 321 -38.40 -4.63 160.22 
1 0 421 22.26 15.71 160.22 
1 0 621 22.30 -4.03 144.20 
2 12 8622 -38.40 16.06 98.42 
2 12 8822 22.35 17.21 103.00 
2 12 9022 22.25 19.69 86.98 
1 1 921 -38.40 12.77 153.35 
1 1 1121 22.32 16.09 155.64 
1 1 1321 22.30 -4.03 157.93 
2 13 9322 -38.40 16.13 89.26 
2 13 9522 22.35 17.21 109.86 
2 13 9722 22.25 19.80 91.55 
1 2 1621 -38.40 13.10 162.51 
1 2 1821 22.34 16.39 153.35 
1 2 2021 22.30 -4.03 135.04 
2 14 10022 -38.40 16.29 105.29 
2 14 10222 22.36 17.21 98.42 
2 14 10422 22.25 20.02 98.42 
1 3 2321 -38.40 13.29 137.33 
1 3 2521 22.36 16.58 162.51 
1 3 2721 22.30 -4.03 157.93 
2 15 10722 -38.40 16.45 80.11 
2 15 10922 22.36 17.21 121.31 
2 15 11122 22.25 20.16 107.57 
1 4 3021 -38.40 13.42 157.93 
1 4 3221 22.36 16.65 157.93 
1 4 3421 22.30 -4.03 155.64 
2 16 11422 -38.40 16.57 114.44 
2 16 11622 22.37 17.21 103.00 
2 16 11822 22.25 20.31 116.73 
1 5 3721 -38.40 13.49 164.79 
1 5 3921 22.38 16.62 155.64 
1 5 4121 22.30 -4.03 164.79 
2 17 12122 -38.40 16.64 109.86 
2 17 12322 22.36 17.21 80.11 
2 17 12522 22.25 20.31 112.15 
1 6 4421 -38.40 13.42 160.22 
1 6 4621 22.38 16.54 164.79 
1 6 4821 22.30 -4.03 160.22 
2 18 12822 -38.40 16.54 105.29 
2 18 13022 22.36 17.21 89.26 
2 18 13222 22.25 20.09 116.73 
1 7 5121 -38.40 13.36 155.64 
1 7 5321 22.39 16.47 157.93 
1 7 5521 22.30 -4.03 157.93 
2 19 13522 -38.40 16.38 114.44 
2 19 13722 22.36 17.21 112.15 
2 19 13922 22.25 19.87 89.26 
1 8 5821 -38.40 13.29 167.08 
1 8 6021 22.39 16.39 157.93 
1 8 6221 22.30 -4.03 160.22 
2 20 14222 -38.40 16.13 114.44 
2 20 14422 22.35 17.21 112.15 
2 20 14622 22.25 19.58 116.73 
1 9 6521 -38.40 13.23 164.79 
1 9 6721 22.40 16.32 162.51 
1 9 6921 22.30 -4.03 157.93 
2 21 14922 -38.40 15.87 109.86 
2 21 15122 22.36 17.21 121.31 
2 21 15322 22.25 19.21 128.17 
1 10 7221 -38.40 13.10 160.22 
1 10 7421 22.40 16.21 162.51 
1 10 7621 22.30 -4.03 162.51 
2 22 15622 -38.40 15.55 123.60 
2 22 15822 22.36 17.21 105.29 
2 22 16022 22.25 18.87 107.57 
1 11 7921 -38.40 13.03 169.37 
1 11 8121 22.40 16.02 157.93 
1 11 8321 22.30 -4.03 160.22 
2 23 16322 -38.40 15.23 109.86 
2 23 16522 22.36 17.21 123.60 
2 23 16722 22.25 18.54 96.13 
1 12 8621 -38.40 12.90 160.22 
1 12 8821 22.40 15.87 164.79 
1 12 9021 22.30 -4.03 160.22 
2 24 17022 -38.40 14.97 109.86 
2 24 17222 22.36 17.21 112.15 
2 24 17422 22.25 18.24 123.60 
1 13 9321 -38.40 12.77 162.51 
1 13 9521 22.41 15.80 160.22 
1 13 9721 22.30 -4.03 155.64 
2 25 17722 -38.40 14.78 77.82 
2 25 17922 22.35 17.21 116.73 
2 25 18122 22.25 17.95 109.86 
1 14 10021 -38.40 12.64 160.22 
1 14 10221 22.42 15.65 160.22 
1 14 10421 22.30 -4.03 162.51 
2 26 18422 -38.40 14.52 107.57 
2 26 18622 22.34 17.21 109.86 
2 26 18822 22.25 17.73 119.02 
1 15 78566 -38.40 12.58 157.93 
1 15 78766 22.40 15.61 160.22 
1 15 78966 22.30 -4.03 157.93 
2 27 19122 -38.40 14.30 103.00 
2 27 19322 22.35 17.21 107.57 
2 27 19522 22.25 17.47 103.00 
1 16 79266 -38.40 12.48 153.35 
1 16 79466 22.42 15.50 157.93 
1 16 79666 22.30 -4.03 153.35 
2 28 19822 -38.40 14.07 121.31 
2 28 20022 22.35 17.21 107.57 
2 28 20222 22.25 17.28 114.44 
1 17 79966 -38.40 12.38 160.22 
1 17 80166 22.41 15.38 153.35 
1 17 80366 22.30 -4.03 160.22 
2 29 20522 -38.40 13.87 89.26 
2 29 20722 22.35 17.21 112.15 
2 29 20922 22.25 17.06 123.60 
1 18 80666 -38.40 12.31 151.06 
1 18 80866 22.40 15.27 162.51 
1 18 81066 22.30 -4.03 160.22 
2 30 21222 -38.40 13.75 128.17 
2 30 21422 22.34 17.21 96.13 
2 30 21622 22.25 16.91 82.40 
1 19 81366 -38.40 12.25 155.64 
1 19 81566 22.42 15.20 164.79 
1 19 81766 22.30 -4.03 157.93 
2 31 21924 -38.40 13.62 121.31 
2 31 22122 22.36 17.21 91.55 
2 31 22322 22.25 16.76 132.75 
1 20 82065 -38.40 12.18 157.93 
1 20 82265 22.42 15.20 155.64 
1 20 82465 22.30 -4.03 162.51 
2 32 22622 -38.40 13.52 119.02 
2 32 22822 22.35 17.21 121.31 
2 32 23022 22.25 16.68 135.04 
1 21 82765 -38.40 12.12 164.79 
1 21 82965 22.42 15.12 162.51 
1 21 83165 22.30 -4.03 160.22 
2 33 83285 -38.40 13.42 109.86 
2 33 83485 22.35 17.21 112.15 
2 33 83684 22.25 16.57 109.86 
1 22 83465 -38.40 12.12 164.79 
1 22 83665 22.42 15.05 162.51 
1 22 83865 22.30 -4.03 157.93 
2 34 83984 -38.40 13.39 105.29 
2 34 84184 22.35 17.21 105.29 
2 34 84384 22.25 16.53 107.57 
1 23 84165 -38.40 12.05 157.93 
1 23 84365 22.42 15.05 148.77 
1 23 84565 22.30 -4.03 155.64 
2 35 84684 -38.40 13.32 121.31 
2 35 84884 22.34 17.21 105.29 
2 35 85084 22.25 16.46 116.73 
1 24 84865 -38.40 12.05 164.79 
1 24 85065 22.42 15.05 160.22 
1 24 85265 22.30 -4.03 171.66 
2 36 85384 -38.40 13.26 112.15 
2 36 85584 22.33 17.21 116.73 
2 36 85784 22.25 16.39 105.29 
1 25 85566 -38.40 12.05 155.64 
1 25 85766 22.42 14.97 162.51 
1 25 85966 22.30 -4.03 155.64 
2 37 86084 -38.40 13.19 100.71 
2 37 86284 22.34 17.21 107.57 
2 37 86484 22.25 16.31 107.57 
1 26 86266 -38.40 11.99 151.06 
1 26 86466 22.43 14.97 157.93 
1 26 86666 22.30 -4.03 155.64 
2 38 86784 -38.40 13.16 119.02 
2 38 86984 22.33 17.21 116.73 
2 38 87183 22.25 16.31 119.02 
1 27 86966 -38.40 11.99 162.51 
1 27 87166 22.42 14.97 157.93 
1 27 87366 22.30 -4.03 162.51 
2 39 87483 -38.40 13.16 114.44 
2 39 87683 22.32 17.21 121.31 
2 39 87883 22.25 16.31 107.57 
1 28 87666 -38.40 11.96 164.79 
1 28 87866 22.44 14.93 164.79 
1 28 88066 22.30 -4.03 157.93 
2 40 88183 -38.40 13.10 112.15 
2 40 88383 22.32 17.21 107.57 
2 40 88583 22.25 16.24 116.73 
1 29 88366 -38.40 11.92 153.35 
1 29 88566 22.43 14.90 164.79 
1 29 88765 22.30 -4.03 153.35 
2 41 88883 -38.40 13.10 112.15 
2 41 89083 22.33 17.21 107.57 
2 41 89283 22.25 16.20 107.57 
1 30 89065 -38.40 11.92 164.79 
1 30 89265 22.45 14.90 157.93 
1 30 89465 22.30 -4.03 164.79 
2 42 89583 -38.40 13.03 107.57 
2 42 89783 22.35 17.21 114.44 
2 42 89983 22.25 16.16 116.73 
1 31 89765 -38.40 11.92 160.22 
1 31 89965 22.43 14.90 164.79 
1 31 90165 22.30 -4.03 160.22 
2 43 90283 -38.40 12.97 114.44 
2 43 90482 22.32 17.21 119.02 
2 43 90682 22.25 16.09 114.44 
1 32 90465 -38.40 11.89 153.35 
1 32 90665 22.43 14.90 155.64 
1 32 90865 22.30 -4.03 151.06 
2 44 90982 -38.40 12.97 114.44 
2 44 91182 22.32 17.21 103.00 
2 44 91382 22.25 16.01 116.73 
1 33 91165 -38.40 11.86 164.79 
1 33 91365 22.42 14.82 155.64 
1 33 91565 22.30 -4.03 162.51 
2 45 91682 -38.40 12.90 109.86 
2 45 91882 22.32 17.21 103.00 
2 45 92082 22.25 16.01 109.86 
1 34 91865 -38.40 11.86 155.64 
1 34 92065 22.43 14.82 160.22 
1 34 92265 22.30 -4.03 155.64 
2 46 92382 -38.40 12.90 105.29 
2 46 92582 22.33 17.21 103.00 
2 46 92782 22.25 15.94 109.86 
1 35 92565 -38.40 11.86 153.35 
1 35 92765 22.42 14.75 155.64 
1 35 92965 22.30 -4.03 148.77 
2 47 93082 -38.40 12.84 116.73 
2 47 93282 22.33 17.21 112.15 
2 47 93482 22.25 15.86 109.86 
1 36 93265 -38.40 11.82 162.51 
1 36 93465 22.43 14.75 151.06 
1 36 93665 22.30 -4.03 160.22 
2 48 93782 -38.40 12.77 114.44 
2 48 93981 22.33 17.21 116.73 
2 48 94181 22.25 15.86 112.15 
1 37 93965 -38.40 11.82 155.64 
1 37 94165 22.43 14.75 160.22 
1 37 94365 22.30 -4.03 155.64 
2 49 94481 -38.40 12.71 109.86 
2 49 94681 22.32 17.21 105.29 
2 49 94881 22.25 15.79 112.15 
1 38 94665 -38.40 11.79 151.06 
1 38 94865 22.43 14.75 155.64 
1 38 95065 22.30 -4.03 153.35 
2 50 95181 -38.40 12.71 121.31 
2 50 95381 22.32 17.21 112.15 
2 50 95581 22.25 15.71 114.44 
1 39 95365 -38.40 11.79 162.51 
1 39 95565 22.43 14.75 153.35 
1 39 95765 22.30 -4.03 160.22 
2 51 95881 -38.40 12.61 103.00 
2 51 96081 22.32 17.21 114.44 
2 51 96281 22.25 15.71 116.73 
1 40 96065 -38.40 11.76 157.93 
1 40 96265 22.44 14.67 162.51 
1 40 96465 22.30 -4.03 157.93 
2 52 96581 -38.40 12.58 112.15 
2 52 96781 22.32 17.21 114.44 
2 52 96981 22.25 15.64 112.15 
1 41 96765 -38.40 11.73 151.06 
1 41 96965 22.43 14.67 151.06 
1 41 97165 22.30 -4.03 153.35 
2 53 97280 -38.40 12.51 114.44 
2 53 97480 22.33 17.21 109.86 
2 53 97680 22.25 15.56 112.15 
1 42 97465 -38.40 11.73 162.51 
1 42 97665 22.43 14.67 157.93 
1 42 97865 22.30 -4.03 162.51 
2 54 97980 -38.40 12.51 112.15 
2 54 98180 22.33 17.21 114.44 
2 54 98380 22.25 15.53 112.15 
1 43 98165 -38.40 11.73 157.93 
1 43 98365 22.43 14.67 162.51 
1 43 98565 22.30 -4.03 146.48 
2 55 98680 -38.40 12.51 112.15 
2 55 98880 22.32 17.21 105.29 
2 55 99080 22.25 15.53 112.15 
1 44 98865 -38.40 11.73 155.64 
1 44 99065 22.43 14.67 146.48 
1 44 99265 22.30 -4.03 155.64 
2 56 99380 -38.40 12.45 105.29 
2 56 99580 22.32 17.21 112.15 
2 56 99780 22.25 15.53 114.44 
1 45 99565 -38.40 11.73 164.79 
1 45 99765 22.42 14.63 162.51 
1 45 99965 22.30 -4.03 162.51 
2 57 100080 -38.40 12.45 103.00 
2 57 100280 22.32 17.21 119.02 
2 57 100480 22.25 15.49 105.29 
1 46 100265 -38.40 11.69 155.64 
1 46 100465 22.42 14.63 160.22 
1 46 100665 22.30 -4.03 153.35 
2 58 100779 -38.40 12.45 119.02 
2 58 100979 22.30 17.21 109.86 
2 58 101179 22.25 15.49 116.73 
1 47 100965 -38.40 11.66 151.06 
1 47 101165 22.43 14.60 153.35 
1 47 101365 22.30 -4.03 160.22 
2 60 95104 23.92 15.27 114.44 
2 60 95504 23.92 15.31 119.02 
2 60 95904 23.93 15.27 73.24 
1 55 95955 22.51 15.43 59.51 
1 55 96355 22.52 15.43 29.75 
1 55 96755 22.52 15.43 34.33 
2 61 96404 23.93 15.27 162.51 
2 61 96804 23.94 15.27 66.38 
2 61 97204 23.95 15.23 144.20 
1 56 97255 22.51 15.43 73.24 
1 56 97655 22.52 15.35 36.62 
1 56 98055 22.52 15.43 80.11 
2 62 97704 23.95 15.27 86.98 
2 62 98104 23.96 15.20 164.79 
2 62 98504 23.98 15.20 50.35 
1 57 98555 22.52 15.43 61.80 
1 57 98955 22.51 15.35 66.38 
1 57 99355 22.51 15.35 75.53 
2 63 99004 23.97 15.20 137.33 
2 63 99404 23.98 15.20 64.09 
2 63 99804 23.99 15.20 157.93 
1 58 99855 22.51 15.35 64.09 
1 58 100255 22.52 15.35 68.66 
1 58 100655 22.52 15.35 64.09 
2 64 100304 23.98 15.16 54.93 
2 64 100704 23.99 15.12 167.08 
2 64 101104 24.01 15.12 25.18 
1 59 101155 22.52 15.35 64.09 
1 59 101555 22.51 15.35 66.38 
1 59 101955 22.52 15.35 61.80 
2 65 101604 24.02 15.12 77.82 
2 65 102004 24.02 15.12 36.62 
2 65 102404 24.02 15.12 135.04 
1 60 102455 22.51 15.35 77.82 
1 60 102855 22.52 15.35 80.11 
1 60 103255 22.51 15.35 70.95 
2 66 102904 24.03 15.12 27.47 
2 66 103304 24.03 15.05 64.09 
2 66 103704 24.05 15.05 18.31 
1 61 103755 22.51 15.35 61.80 
1 61 104155 22.51 15.35 64.09 
1 61 104555 22.51 15.31 89.26 
2 67 104204 24.04 15.05 135.04 
2 67 104604 24.06 15.05 59.51 
2 67 105004 24.07 15.01 121.31 
1 62 105055 22.51 15.31 98.42 
1 62 105455 22.52 15.28 36.62 
1 62 105856 22.53 15.28 66.38 
2 68 105504 24.06 15.05 54.93 
2 68 105904 24.07 14.98 96.13 
2 68 106304 24.08 14.98 43.49 
1 63 106356 22.50 15.27 86.98 
1 63 106756 22.52 15.28 59.51 
1 63 107156 22.52 15.28 36.62 
2 69 106804 24.08 14.98 105.29 
2 69 107204 24.08 14.98 50.35 
2 69 107604 24.10 14.98 119.02 
1 64 107656 22.51 15.28 61.80 
1 64 108056 22.51 15.28 68.66 
1 64 108456 22.52 15.28 64.09 
2 70 108104 24.10 14.90 89.26 
2 70 108504 24.10 14.90 91.55 
2 70 108904 24.10 14.90 59.51 
1 65 108956 22.50 15.27 75.53 
1 65 109356 22.52 15.28 70.95 
1 65 109756 22.52 15.28 68.66 
2 71 109404 24.11 14.90 89.26 
2 71 109804 24.11 14.90 82.40 
2 71 110204 24.12 14.90 125.89 
1 66 110257 22.51 15.28 68.66 
1 66 110657 22.51 15.28 43.49 
1 66 111057 22.54 15.20 70.95 
2 72 110704 24.12 14.87 141.91 
2 72 111104 24.12 14.83 132.75 
2 72 111504 24.13 14.83 100.71 
1 67 111557 22.50 15.27 64.09 
1 67 111957 22.51 15.24 66.38 
1 67 112357 22.51 15.28 57.22 
2 73 112004 24.13 14.83 112.15 
2 73 112404 24.15 14.83 173.95 
2 73 112804 24.16 14.79 139.62 
1 68 112856 22.50 15.20 57.22 
1 68 113256 22.53 15.20 68.66 
1 68 113656 22.53 15.20 43.49 
2 74 113304 24.15 14.75 128.17 
2 74 113704 24.16 14.75 103.00 
2 74 114104 24.17 14.75 139.62 
1 69 114156 22.51 15.20 61.80 
1 69 114556 22.50 15.24 38.91 
1 69 114956 22.52 15.20 82.40 
2 75 114604 24.17 14.75 25.18 
2 75 115004 24.17 14.75 153.35 
2 75 115404 24.19 14.76 128.17 
1 70 115456 22.51 15.20 61.80 
1 70 115856 22.51 15.20 64.09 
1 70 116256 22.52 15.20 36.62 
2 76 115904 24.18 14.76 73.24 
2 76 116304 24.20 14.72 25.18 
2 76 116704 24.20 14.72 144.20 
1 71 116756 22.51 15.20 68.66 
1 71 117156 22.52 15.20 50.35 
1 71 117556 22.51 15.20 48.07 
2 77 117204 24.20 14.68 109.86 
2 77 117604 24.20 14.68 109.86 
2 77 118004 24.22 14.68 22.89 
1 72 118056 22.52 15.20 66.38 
1 72 118456 22.52 15.20 68.66 
1 72 118856 22.52 15.20 68.66 
2 78 118504 24.22 14.68 128.17 
2 78 118904 24.23 14.68 6.87 
2 78 119304 24.24 14.68 121.31 
1 73 119356 22.51 15.20 70.95 
1 73 119756 22.51 15.20 45.78 
1 73 120156 22.52 15.20 89.26 
2 79 119804 24.24 14.68 100.71 
2 79 120204 24.25 14.68 73.24 
2 79 120604 24.25 14.68 89.26 
1 74 120656 22.50 15.20 68.66 
1 74 121056 22.51 15.16 70.95 
1 74 121456 22.52 15.16 84.69 
2 80 121104 24.25 14.68 114.44 
2 80 121504 24.26 14.65 137.33 
2 80 121904 24.27 14.61 119.02 
1 75 121956 22.51 15.16 70.95 
1 75 122356 22.52 15.16 52.64 
1 75 122756 22.52 15.13 68.66 
2 81 122404 24.26 14.61 155.64 
2 81 122804 24.27 14.61 109.86 
2 81 123204 24.28 14.61 155.64 
1 76 123256 22.51 15.16 34.33 
1 76 123656 22.52 15.16 68.66 
1 76 124056 22.53 15.13 66.38 
2 82 123704 24.28 14.61 98.42 
2 82 124104 24.28 14.61 109.86 
2 82 124504 24.30 14.61 125.89 
1 77 124556 22.52 15.13 59.51 
1 77 124956 22.52 15.13 66.38 
1 77 125356 22.52 15.13 66.38 
2 83 125004 24.28 14.61 155.64 
2 83 125404 24.32 14.57 119.02 
2 83 125804 24.31 14.53 164.79 
1 78 125856 22.51 15.13 61.80 
1 78 126256 22.52 15.13 59.51 
1 78 126656 22.54 15.13 45.78 
2 84 126304 24.30 14.53 57.22 
2 84 126704 24.32 14.54 135.04 
2 84 127104 24.34 14.54 70.95 
1 79 127156 22.51 15.13 59.51 
1 79 127556 22.53 15.13 52.64 
1 79 127956 22.52 15.13 59.51 
2 85 127604 24.32 14.54 98.42 
2 85 128004 24.35 14.54 41.20 
2 85 128404 24.35 14.54 112.15 
1 80 128456 22.51 15.13 66.38 
1 80 128856 22.51 15.13 64.09 
1 80 129256 22.52 15.13 64.09 
2 86 128904 24.34 14.54 22.89 
2 86 129304 24.36 14.46 68.66 
2 86 129704 24.37 14.46 54.93 
1 81 129756 22.50 15.12 64.09 
1 81 130156 22.52 15.13 66.38 
1 81 130556 22.52 15.13 64.09 
2 87 130204 24.36 14.50 121.31 
2 87 130604 24.36 14.46 68.66 
2 87 131004 24.38 14.46 125.89 
1 82 131056 22.51 15.13 70.95 
1 82 131456 22.51 15.13 66.38 
1 82 131856 22.52 15.13 59.51 
2 88 131504 24.38 14.46 84.69 
2 88 131904 24.38 14.46 107.57 
2 88 132304 24.38 14.46 82.40 
1 83 132356 22.50 15.12 70.95 
1 83 132756 22.52 15.13 70.95 
1 83 133156 22.52 15.13 66.38 
2 89 132804 24.39 14.46 135.04 
2 89 133204 24.39 14.46 155.64 
2 89 133604 24.40 14.46 98.42 
1 84 133656 22.50 15.12 75.53 
1 84 134056 22.52 15.13 73.24 
1 84 134456 22.52 15.13 70.95 
2 90 134104 24.40 14.46 130.46 
2 90 134504 24.42 14.46 89.26 
2 90 134904 24.42 14.46 160.22 
1 85 134956 22.51 15.13 68.66 
1 85 135356 22.52 15.13 64.09 
1 85 135756 22.51 15.13 68.66 
2 91 135404 24.42 14.46 100.71 
2 91 135804 24.44 14.39 128.17 
2 91 136204 24.43 14.43 77.82 
1 86 136256 22.50 15.12 66.38 
1 86 136657 22.51 15.13 68.66 
1 86 137057 22.52 15.13 45.78 
2 92 136704 24.42 14.39 180.82 
2 92 137104 24.44 14.43 77.82 
2 92 137504 24.46 14.47 151.06 
1 87 137557 22.50 15.12 29.75 
1 87 137957 22.52 15.13 34.33 
1 87 138357 22.52 15.13 73.24 
2 93 138004 24.44 14.39 41.20 
2 93 138404 24.46 14.39 169.37 
2 93 138804 24.47 14.39 73.24 
1 88 138857 22.51 15.13 34.33 
1 88 139257 22.51 15.13 57.22 
1 88 139657 22.51 15.13 59.51 
2 94 139304 24.46 14.39 75.53 
2 94 139704 24.46 14.39 52.64 
2 94 140104 24.47 14.39 178.53 
1 89 140157 22.52 15.13 59.51 
1 89 140557 22.50 15.12 66.38 
1 89 140957 22.50 15.12 70.95 
2 95 140604 24.47 14.39 18.31 
2 95 141004 24.48 14.39 80.11 
2 95 141404 24.49 14.39 59.51 
1 90 141457 22.50 15.12 1098.63 
1 90 141857 22.50 15.12 1975.25 
1 90 142257 22.51 15.13 1071.17 
2 96 141904 24.48 14.32 80.11 
2 96 142304 24.49 14.35 54.93 
2 96 142704 24.50 14.32 123.60 
1 91 142757 22.50 15.12 1693.73 
1 91 143157 22.51 15.13 2176.67 
1 91 143557 22.52 15.13 2281.95 
2 97 143204 24.50 14.32 112.15 
2 97 143604 24.51 14.32 66.38 
2 97 144004 24.52 14.32 36.62 
1 92 144057 22.51 15.13 2320.86 
1 92 144457 22.51 15.13 2378.08 
1 92 144857 22.51 15.13 2334.59 
2 98 144504 24.52 14.32 59.51 
2 98 144904 24.52 14.28 135.04 
2 98 145304 24.52 14.24 141.91 
1 93 145357 22.50 15.12 2336.88 
1 93 145757 22.51 15.05 2426.15 
1 93 146157 22.52 15.13 2295.68 
2 99 145804 24.52 14.24 151.06 
2 99 146204 24.53 14.24 73.24 
2 99 146604 24.54 14.24 141.91 
1 94 146657 22.51 15.13 2185.82 
1 94 147057 22.53 15.13 2231.60 
1 94 147457 22.51 15.13 1748.66 
2 100 147104 24.52 14.24 137.33 
2 100 147504 24.55 14.24 98.42 
2 100 147904 24.56 14.24 109.86 
1 95 147957 22.50 15.12 2318.57 
1 95 148357 22.51 15.13 1698.30 
1 95 148757 22.51 15.16 2302.55 
2 101 148404 24.55 14.24 119.02 
2 101 148804 24.56 14.24 109.86 
2 101 149204 24.57 14.17 132.75 
1 96 149257 22.49 15.20 2270.51 
1 96 149657 22.51 15.20 167.08 
1 96 150057 22.51 15.20 61.80 
2 102 149704 24.56 14.17 50.35 
2 102 150104 24.56 14.17 146.48 
2 102 150504 24.58 14.17 54.93 
1 97 150557 22.50 15.20 64.09 
1 97 150957 22.50 15.20 66.38 
1 97 151357 22.51 15.20 68.66 
2 103 151004 24.56 14.17 109.86 
2 103 151404 24.57 14.17 41.20 
2 103 151804 24.57 14.17 132.75 
1 98 151857 22.51 15.16 70.95 
1 98 152257 22.51 15.20 59.51 
1 98 152657 22.52 15.13 70.95 
2 104 152304 24.58 14.17 20.60 
2 104 152704 24.59 14.17 98.42 
2 104 153104 24.59 14.17 77.82 
1 99 153157 22.50 15.16 61.80 
1 99 153557 22.50 15.12 61.80 
1 99 153957 22.50 15.12 66.38 
2 105 153604 24.59 14.17 112.15 
2 105 154004 24.60 14.17 75.53 
2 105 154404 24.61 14.17 59.51 
1 100 154457 22.50 15.12 64.09 
1 100 154857 22.52 15.13 59.51 
1 100 155257 22.52 15.13 59.51 
2 106 154904 24.59 14.17 6.87 
2 106 155304 24.61 14.17 82.40 
2 106 155704 24.62 14.17 41.20 
1 101 155757 22.50 15.12 66.38 
1 101 156157 22.50 15.12 66.38 
1 101 156557 22.52 15.13 59.51 
2 107 156204 24.61 14.17 68.66 
2 107 156604 24.62 14.17 84.69 
2 107 157004 24.64 14.13 123.60 
1 102 157057 22.50 15.12 68.66 
1 102 157457 22.50 15.12 66.38 
1 102 157857 22.51 15.13 66.38 
2 108 157504 24.63 14.17 160.22 
2 108 157904 24.63 14.17 82.40 
2 108 158304 24.64 14.17 116.73 
1 103 158357 22.50 15.12 75.53 
1 103 158757 22.52 15.13 68.66 
1 103 159157 22.51 15.13 66.38 
2 109 158804 24.65 14.17 70.95 
2 109 159204 24.65 14.17 114.44 
2 109 159604 24.67 14.17 107.57 
1 104 159657 22.49 15.12 75.53 
1 104 160057 22.50 15.12 68.66 
1 104 160458 22.50 15.12 66.38 
2 110 160104 24.65 14.17 84.69 
2 110 160504 24.67 14.17 75.53 
2 110 160904 24.67 14.17 141.91 
1 105 160958 22.48 15.12 66.38 
1 105 161358 22.50 15.12 70.95 
1 105 161758 22.49 15.12 66.38 
2 111 161404 24.67 14.17 84.69 
2 111 161804 24.67 14.17 155.64 
2 111 162204 24.68 14.17 98.42 
1 106 162258 22.48 15.12 61.80 
1 106 162658 22.50 15.12 70.95 
1 106 163058 22.51 15.13 68.66 
2 112 162704 24.67 14.10 146.48 
2 112 163104 24.69 14.17 103.00 
2 112 163504 24.69 14.14 167.08 
1 107 163558 22.51 15.13 68.66 
1 107 163958 22.50 15.16 68.66 
1 107 164358 22.51 15.13 86.98 
2 113 164004 24.69 14.17 86.98 
2 113 164404 24.70 14.14 176.24 
2 113 164804 24.71 14.10 68.66 
1 108 164858 22.50 15.12 70.95 
1 108 165258 22.52 15.13 70.95 
1 108 165658 22.50 15.16 66.38 
2 114 165304 24.70 14.10 121.31 
2 114 165704 24.71 14.10 73.24 
2 114 166104 24.73 14.10 215.15 
1 109 166158 22.49 15.12 68.66 
1 109 166558 22.50 15.16 68.66 
1 109 166958 22.50 15.16 66.38 
2 115 166604 24.71 14.10 86.98 
2 115 167004 24.73 14.10 146.48 
2 115 167404 24.73 14.10 48.07 
1 110 167460 22.48 15.12 68.66 
1 110 167860 22.50 15.16 66.38 
1 110 168260 22.50 15.12 70.95 
2 116 167904 24.73 14.10 77.82 
2 116 168304 24.73 14.10 52.64 
2 116 168704 24.74 14.10 141.91 
1 111 168760 22.48 15.16 70.95 
1 111 169160 22.50 15.12 70.95 
1 111 169560 22.50 15.12 68.66 
2 117 169204 24.73 14.10 70.95 
2 117 169604 24.73 14.10 68.66 
2 117 170004 24.74 14.10 29.75 
1 112 170060 22.50 15.12 64.09 
1 112 170460 22.50 15.12 68.66 
1 112 170860 22.50 15.12 70.95 
2 118 170504 24.74 14.06 128.17 
2 118 170904 24.75 14.10 38.91 
2 118 171304 24.77 14.06 153.35 
1 113 171360 22.49 15.12 70.95 
1 113 171760 22.50 15.12 70.95 
1 113 172160 22.49 15.12 70.95 
2 119 171804 24.77 14.06 73.24 
2 119 172204 24.77 14.03 109.86 
2 119 172604 24.77 14.06 68.66 
1 114 172660 22.49 15.09 64.09 
1 114 173060 22.51 15.09 68.66 
1 114 173460 22.50 15.12 70.95 
2 120 173104 24.77 14.06 59.51 
2 120 173504 24.78 14.07 82.40 
2 120 173904 24.79 14.03 98.42 
1 115 173960 22.49 15.12 70.95 
1 115 174359 22.50 15.12 64.09 
1 115 174759 22.50 15.12 68.66 
2 121 174404 24.79 14.03 16.02 
2 121 174804 24.79 14.03 36.62 
2 121 175204 24.80 14.03 73.24 
1 116 175259 22.48 15.12 57.22 
1 116 175659 22.49 15.12 64.09 
1 116 176059 22.50 15.12 68.66 
2 122 175704 24.79 14.03 91.55 
2 122 176104 24.81 14.03 22.89 
2 122 176504 24.81 14.03 132.75 
2 176 245904 25.26 13.67 162.51 
2 176 246304 25.26 13.67 119.02 
2 176 246704 25.27 13.67 130.46 
1 171 246762 22.45 15.05 50.35 
1 171 247162 22.44 15.05 75.53 
1 171 247562 22.45 15.05 66.38 
2 177 247204 25.27 13.67 109.86 
2 177 247604 25.27 13.67 151.06 
2 177 248004 25.28 13.63 93.84 
1 172 248062 22.45 15.05 64.09 
1 172 248462 22.44 15.05 80.11 
1 172 248862 22.45 15.05 66.38 
2 178 248504 25.26 13.63 173.95 
2 178 248904 25.29 13.60 50.35 
2 178 249304 25.29 13.63 128.17 
1 173 249363 22.46 15.05 41.20 
1 173 249763 22.45 15.05 66.38 
1 173 250163 22.46 15.01 38.91 
2 179 249804 25.26 13.59 22.89 
2 179 250204 25.28 13.59 148.77 
2 179 250604 25.30 13.60 59.51 
1 174 250663 22.44 15.05 89.26 
1 174 251063 22.44 15.05 43.49 
1 174 251463 22.45 15.05 68.66 
2 180 251104 25.28 13.59 84.69 
2 180 251504 25.30 13.60 84.69 
2 180 251904 25.30 13.60 153.35 
1 175 251963 22.44 15.05 45.78 
1 175 252363 22.45 15.01 68.66 
1 175 252763 22.44 15.01 54.93 
2 181 252404 25.29 13.63 41.20 
2 181 252804 25.30 13.67 98.42 
2 181 253204 25.32 13.60 61.80 
1 176 253263 22.44 15.05 50.35 
1 176 253663 22.45 15.05 75.53 
1 176 254063 22.45 15.05 91.55 
2 182 253704 25.30 13.60 59.51 
2 182 254104 25.31 13.60 50.35 
2 182 254504 25.32 13.60 123.60 
1 177 254563 22.44 15.01 68.66 
1 177 254964 22.44 15.05 50.35 
1 177 255364 22.45 15.01 86.98 
2 183 255004 25.30 13.60 57.22 
2 183 255404 25.32 13.60 93.84 
2 183 255804 25.33 13.60 32.04 
1 178 255865 22.44 15.05 64.09 
1 178 256265 22.44 15.05 68.66 
1 178 256665 22.44 15.05 77.82 
2 184 256304 25.32 13.60 73.24 
2 184 256704 25.33 13.60 45.78 
2 184 257104 25.32 13.60 130.46 
1 179 257165 22.44 14.97 48.07 
1 179 257565 22.44 15.05 73.24 
1 179 257965 22.44 15.01 66.38 
2 185 257604 25.33 13.60 130.46 
2 185 258004 25.33 13.60 103.00 
2 185 258404 25.34 13.60 45.78 
1 180 258465 22.43 15.05 77.82 
1 180 258865 22.44 15.05 91.55 
1 180 259272 22.44 15.05 43.49 
2 186 258904 25.32 13.60 137.33 
2 186 259304 25.33 13.60 139.62 
2 186 259704 25.34 13.60 121.31 
1 181 259764 22.44 15.05 61.80 
1 181 260165 22.44 15.05 89.26 
1 181 260565 22.45 15.05 61.80 
2 187 260204 25.33 13.56 151.06 
2 187 260604 25.34 13.60 98.42 
2 187 261004 25.33 13.52 105.29 
1 182 261065 22.43 15.05 84.69 
1 182 261465 22.44 15.05 68.66 
1 182 261865 22.45 15.05 84.69 
2 188 261504 25.34 13.56 112.15 
2 188 261904 25.34 13.52 157.93 
2 188 262304 25.34 13.60 98.42 
1 183 262365 22.42 15.05 57.22 
1 183 262764 22.44 15.05 80.11 
1 183 263164 22.44 15.05 59.51 
2 189 262804 25.35 13.60 119.02 
2 189 263204 25.34 13.52 100.71 
2 189 263604 25.36 13.52 123.60 
1 184 263664 22.43 15.05 61.80 
1 184 264064 22.46 15.05 41.20 
1 184 264464 22.45 15.05 82.40 
2 190 264104 25.36 13.56 103.00 
2 190 264504 25.36 13.52 160.22 
2 190 264904 25.37 13.60 105.29 
1 185 264964 22.42 15.05 68.66 
1 185 265364 22.44 15.05 80.11 
1 185 265764 22.44 15.05 64.09 
2 191 265404 25.36 13.52 167.08 
2 191 265804 25.36 13.52 91.55 
2 191 266204 25.38 13.52 139.62 
1 186 266264 22.43 15.05 84.69 
1 186 266664 22.42 15.05 66.38 
1 186 267064 22.42 15.05 82.40 
2 192 266704 25.36 13.52 68.66 
2 192 267104 25.38 13.52 132.75 
2 192 267504 25.38 13.52 25.18 
1 187 267564 22.43 15.01 68.66 
1 187 267964 22.43 15.05 77.82 
1 187 268364 22.44 15.01 82.40 
2 193 268004 25.37 13.52 93.84 
2 193 268404 25.38 13.52 45.78 
2 193 268804 25.38 13.52 164.79 
1 188 268864 22.42 15.05 68.66 
1 188 269265 22.44 15.05 52.64 
1 188 269664 22.44 15.05 68.66 
2 194 269304 25.38 13.52 36.62 
2 194 269704 25.39 13.52 107.57 
2 194 270104 25.39 13.52 11.44 
1 189 270164 22.43 15.05 73.24 
1 189 270564 22.43 15.05 66.38 
1 189 270964 22.44 15.05 91.55 
2 195 270604 25.37 13.52 96.13 
2 195 271004 25.39 13.52 34.33 
2 195 271404 25.39 13.52 84.69 
1 190 271464 22.43 15.05 66.38 
1 190 271864 22.44 15.05 54.93 
1 190 272264 22.44 15.05 66.38 
2 196 271904 25.40 13.52 109.86 
2 196 272304 25.39 13.52 112.15 
2 196 272704 25.40 13.52 68.66 
1 191 272764 22.42 15.05 66.38 
1 191 273164 22.43 15.01 68.66 
1 191 273564 22.43 15.05 68.66 
2 197 273204 25.40 13.52 98.42 
2 197 273604 25.39 13.52 38.91 
2 197 274004 25.42 13.53 75.53 
1 192 274064 22.42 15.05 89.26 
1 192 274464 22.44 15.05 93.84 
1 192 274864 22.43 15.05 68.66 
2 198 274504 25.40 13.49 114.44 
2 198 274904 25.41 13.52 121.31 
2 198 275304 25.41 13.52 16.02 
1 193 275364 22.43 15.05 73.24 
1 193 275764 22.43 15.05 84.69 
1 193 276164 22.42 15.05 73.24 
2 199 275804 25.41 13.52 75.53 
2 199 276204 25.42 13.45 98.42 
2 199 276604 25.41 13.45 82.40 
1 194 276664 22.42 15.05 66.38 
1 194 277064 22.43 15.05 84.69 
1 194 277464 22.44 15.05 59.51 
2 200 277104 25.41 13.49 123.60 
2 200 277504 25.42 13.49 155.64 
2 200 277904 25.42 13.49 155.64 
1 195 277964 22.43 15.05 84.69 
1 195 278364 22.43 15.05 86.98 
1 195 278764 22.43 15.05 77.82 
2 201 278404 25.41 13.49 107.57 
2 201 278804 25.43 13.45 105.29 
2 201 279204 25.42 13.45 121.31 
1 196 279264 22.41 15.05 73.24 
1 196 279664 22.43 15.08 77.82 
1 196 280064 22.43 15.05 68.66 
2 202 279704 25.42 13.45 169.37 
2 202 280104 25.43 13.45 123.60 
2 202 280504 25.44 13.49 121.31 
1 197 280564 22.42 15.05 61.80 
1 197 280964 22.42 15.05 86.98 
1 197 281364 22.43 15.05 84.69 
2 203 281004 25.43 13.45 98.42 
2 203 281404 25.43 13.45 130.46 
2 203 281804 25.44 13.45 86.98 
1 198 281864 22.41 15.05 80.11 
1 198 282264 22.42 15.08 66.38 
1 198 282664 22.42 15.05 75.53 
2 204 282304 25.44 13.45 167.08 
2 204 282704 25.45 13.45 64.09 
2 204 283104 25.44 13.45 121.31 
1 199 283164 22.42 15.05 80.11 
1 199 283564 22.42 15.05 59.51 
1 199 283964 22.44 15.12 66.38 
2 205 283604 25.44 13.45 107.57 
2 205 284004 25.45 13.45 146.48 
2 205 284404 25.45 13.45 121.31 
1 200 284464 22.42 15.05 48.07 
1 200 284864 22.42 15.05 50.35 
1 200 285264 22.43 15.05 66.38 
2 206 284904 25.45 13.45 173.95 
2 206 285304 25.45 13.45 75.53 
2 206 285704 25.46 13.45 173.95 
1 201 285764 22.43 15.05 61.80 
1 201 286164 22.42 15.05 80.11 
1 201 286564 22.42 15.05 64.09 
2 207 286204 25.45 13.45 82.40 
2 207 286604 25.46 13.45 155.64 
2 207 287004 25.46 13.45 64.09 
1 202 287064 22.42 15.05 75.53 
1 202 287464 22.42 15.05 59.51 
1 202 287864 22.42 15.05 61.80 
2 208 287504 25.46 13.45 151.06 
2 208 287904 25.47 13.45 96.13 
2 208 288304 25.45 13.45 162.51 
1 203 288364 22.41 15.05 59.51 
1 203 288764 22.42 15.05 70.95 
1 203 289164 22.42 15.05 59.51 
2 209 288804 25.45 13.45 70.95 
2 209 289204 25.46 13.45 141.91 
2 209 289604 25.47 13.45 80.11 
1 204 289664 22.41 15.05 61.80 
1 204 290064 22.42 15.12 80.11 
1 204 290464 22.43 15.12 73.24 
2 210 290104 25.46 13.45 155.64 
2 210 290504 25.47 13.45 107.57 
2 210 290904 25.48 13.45 185.39 
1 205 290964 22.42 15.08 59.51 
1 205 291364 22.42 15.05 57.22 
1 205 291764 22.43 15.05 57.22 
2 211 291404 25.47 13.45 68.66 
2 211 291804 25.48 13.45 160.22 
2 211 292204 25.49 13.45 105.29 
1 206 292264 22.42 15.08 70.95 
1 206 292664 22.42 15.12 64.09 
1 206 293064 22.42 15.12 80.11 
2 212 292704 25.49 13.45 112.15 
2 212 293104 25.48 13.45 41.20 
2 212 293504 25.48 13.45 171.66 
1 207 293564 22.42 15.12 64.09 
1 207 293964 22.42 15.12 75.53 
1 207 294364 22.42 15.12 57.22 
2 213 294004 25.48 13.45 29.75 
2 213 294404 25.49 13.45 137.33 
2 213 294804 25.49 13.45 98.42 
1 208 294864 22.42 15.12 68.66 
1 208 295264 22.42 15.12 57.22 
1 208 295664 22.42 15.12 66.38 
2 214 295304 25.48 13.45 70.95 
2 214 295704 25.49 13.45 61.80 
2 214 296104 25.51 13.45 119.02 
1 209 296164 22.41 15.12 64.09 
1 209 296564 22.42 15.12 80.11 
1 209 296965 22.42 15.12 59.51 
2 215 296604 25.49 13.45 80.11 
2 215 297004 25.50 13.45 183.11 
2 215 297404 25.51 13.41 112.15 
1 210 297465 22.40 15.12 64.09 
1 210 297865 22.42 15.12 36.62 
1 210 298265 22.42 15.05 59.51 
2 216 297904 25.50 13.45 93.84 
2 216 298304 25.50 13.45 54.93 
2 216 298704 25.50 13.45 171.66 
1 211 298765 22.40 15.04 43.49 
1 211 299165 22.43 15.05 59.51 
1 211 299565 22.42 15.05 61.80 
2 217 299204 25.49 13.45 41.20 
2 217 299604 25.49 13.45 160.22 
2 217 300004 25.50 13.45 100.71 
1 212 300065 22.41 15.05 61.80 
1 212 300465 22.42 15.05 80.11 
1 212 300865 22.43 15.05 64.09 
2 218 300504 25.50 13.45 125.89 
2 218 300904 25.52 13.45 80.11 
2 218 301304 25.51 13.45 157.93 
1 213 301365 22.40 15.04 57.22 
1 213 301765 22.41 15.05 59.51 
1 213 302165 22.42 15.05 43.49 
2 219 301804 25.51 13.45 64.09 
2 219 302204 25.52 13.45 128.17 
2 219 302604 25.53 13.45 89.26 
1 214 302665 22.40 15.04 43.49 
1 214 303065 22.40 15.04 80.11 
1 214 303466 22.41 15.01 82.40 
2 220 303104 25.52 13.45 169.37 
2 220 303504 25.52 13.45 91.55 
2 220 303904 25.53 13.42 135.04 
1 215 303966 22.41 14.97 50.35 
1 215 304366 22.42 14.97 64.09 
1 215 304766 22.42 14.97 59.51 
2 221 304404 25.52 13.45 50.35 
2 221 304804 25.53 13.38 153.35 
2 221 305204 25.54 13.38 109.86 
1 216 305266 22.40 14.97 52.64 
1 216 305666 22.42 14.97 80.11 
1 216 306066 22.40 14.97 68.66 
2 222 305704 25.54 13.38 119.02 
2 222 306104 25.53 13.38 82.40 
2 222 306504 25.54 13.38 132.75 
1 217 306566 22.40 14.97 36.62 
1 217 306966 22.41 14.97 57.22 
1 217 307366 22.41 14.97 64.09 
2 223 307004 25.52 13.38 80.11 
2 223 307404 25.53 13.38 199.13 
2 223 307804 25.54 13.38 93.84 
1 218 307866 22.39 14.97 45.78 
1 218 308266 22.41 14.97 66.38 
1 218 308666 22.40 14.97 68.66 
2 224 308304 25.53 13.38 105.29 
2 224 308704 25.55 13.38 59.51 
2 224 309104 25.55 13.38 164.79 
1 219 309166 22.40 14.97 59.51 
1 219 309566 22.42 14.97 75.53 
1 219 309966 22.40 14.93 59.51 
2 225 309604 25.54 13.38 64.09 
2 225 310004 25.55 13.38 178.53 
2 225 310404 25.55 13.38 112.15 
1 220 310466 22.39 14.97 57.22 
1 220 310866 22.40 14.89 59.51 
1 220 311266 22.41 14.90 61.80 
2 226 310904 25.54 13.38 98.42 
2 226 311304 25.55 13.38 89.26 
2 226 311704 25.55 13.38 180.82 
1 221 311766 22.40 14.89 54.93 
1 221 312166 22.40 14.89 59.51 
1 221 312566 22.40 14.89 59.51 
2 227 312204 25.54 13.38 45.78 
2 227 312604 25.55 13.38 98.42 
2 227 313004 25.55 13.30 57.22 
1 222 313066 22.38 14.89 82.40 
1 222 313466 22.40 14.89 77.82 
1 222 313866 22.41 14.90 68.66 
2 228 313504 25.55 13.30 32.04 
2 228 313904 25.55 13.30 22.89 
2 228 314304 25.55 13.30 80.11 
1 223 314366 22.40 14.89 36.62 
1 223 314766 22.41 14.90 77.82 
1 223 315166 22.40 14.89 75.53 
2 229 314804 25.55 13.30 20.60 
2 229 315204 25.55 13.30 119.02 
2 229 315604 25.57 13.30 38.91 
1 224 315666 22.39 14.89 68.66 
1 224 316066 22.40 14.89 80.11 
1 224 316466 22.39 14.89 64.09 
2 230 316104 25.55 13.30 66.38 
2 230 316504 25.55 13.30 52.64 
2 230 316904 25.56 13.30 116.73 
1 225 316966 22.40 14.89 70.95 
1 225 317366 22.41 14.90 82.40 
1 225 317766 22.40 14.89 64.09 
2 231 317404 25.55 13.30 32.04 
2 231 317804 25.55 13.30 73.24 
2 231 318204 25.58 13.30 29.75 
1 226 318266 22.40 14.89 70.95 
1 226 318666 22.40 14.89 41.20 
1 226 319066 22.40 14.89 64.09 
2 232 318704 25.56 13.30 75.53 
2 232 319104 25.57 13.30 22.89 
2 232 319504 25.58 13.30 121.31 
1 227 319566 22.38 14.82 64.09 
1 227 319966 22.39 14.89 86.98 
1 227 320366 22.39 14.89 80.11 
2 233 320004 25.57 13.30 109.86 
2 233 320404 25.57 13.30 91.55 
2 233 320804 25.59 13.30 13.73 
1 228 320866 22.38 14.89 70.95 
1 228 321266 22.40 14.89 75.53 
1 228 321666 22.40 14.89 89.26 
2 234 321304 25.57 13.27 116.73 
2 234 321704 25.58 13.30 70.95 
2 234 322104 25.59 13.27 61.80 
1 229 322166 22.39 14.89 86.98 
1 229 322566 22.41 14.90 70.95 
1 229 322966 22.40 14.89 82.40 
2 235 322604 25.58 13.30 68.66 
2 235 323004 25.59 13.30 59.51 
2 235 323404 25.59 13.30 25.18 
1 230 323466 22.40 14.89 68.66 
1 230 323866 22.40 14.89 70.95 
1 230 324266 22.40 14.89 73.24 
2 236 323904 25.59 13.27 70.95 
2 236 324304 25.59 13.23 112.15 
2 236 324704 25.59 13.30 84.69 
1 231 324766 22.39 14.89 70.95 
1 231 325166 22.40 14.89 48.07 
1 231 325566 22.40 14.89 82.40 
2 237 325204 25.59 13.23 148.77 
2 237 325604 25.59 13.23 119.02 
2 237 326004 25.60 13.23 103.00 
1 232 326066 22.38 14.89 91.55 
1 232 326466 22.40 14.89 80.11 
1 232 326866 22.39 14.89 48.07 
2 238 326504 25.58 13.23 107.57 
2 238 326904 25.60 13.23 109.86 
2 238 327304 25.61 13.23 148.77 
1 233 327366 22.38 14.89 48.07 
1 233 327766 22.39 14.89 50.35 
1 233 328166 22.40 14.89 57.22 
2 239 327804 25.59 13.23 160.22 
2 239 328204 25.60 13.23 82.40 
2 239 328604 25.60 13.23 139.62 
1 234 328666 22.38 14.89 48.07 
1 234 329066 22.40 14.89 66.38 
1 234 329466 22.39 14.89 50.35 
2 240 329104 25.59 13.23 93.84 
2 240 329504 25.59 13.23 119.02 
2 240 329904 25.60 13.23 89.26 
1 235 329966 22.39 14.89 86.98 
1 235 330366 22.40 14.89 61.80 
1 235 330766 22.39 14.89 61.80 
2 241 330404 25.59 13.23 185.39 
2 241 330804 25.61 13.23 96.13 
2 241 331204 25.61 13.23 185.39 
1 236 331267 22.38 14.89 57.22 
1 236 331667 22.40 14.89 68.66 
1 236 332067 22.40 14.89 70.95 
2 242 331704 25.60 13.23 54.93 
2 242 332104 25.61 13.23 123.60 
2 242 332504 25.61 13.23 98.42 
1 237 332567 22.38 14.89 64.09 
1 237 332967 22.39 14.89 86.98 
1 237 333367 22.40 14.89 80.11 
2 243 333004 25.61 13.23 100.71 
2 243 333404 25.62 13.23 91.55 
2 243 333804 25.62 13.23 132.75 
1 238 333867 22.39 14.89 38.91 
1 238 334268 22.40 14.89 80.11 
1 238 334668 22.40 14.89 64.09 
2 244 334305 25.62 13.23 25.18 
2 244 334704 25.62 13.23 91.55 
2 244 335104 25.62 13.23 50.35 
1 239 335168 22.39 14.89 59.51 
1 239 335568 22.40 14.89 38.91 
1 239 335968 22.38 14.89 82.40 
2 245 335604 25.61 13.23 109.86 
2 245 336004 25.61 13.23 66.38 
2 245 336404 25.62 13.23 80.11 
1 240 336468 22.38 14.89 52.64 
1 240 336868 22.39 14.89 54.93 
1 240 337268 22.39 14.89 54.93 
2 246 336904 25.62 13.23 18.31 
2 246 337304 25.63 13.23 89.26 
2 246 337704 25.62 13.23 27.47 
1 241 337768 22.38 14.89 57.22 
1 241 338168 22.40 14.89 61.80 
1 241 338568 22.40 14.89 64.09 
2 247 338204 25.63 13.23 119.02 
2 247 338604 25.63 13.23 61.80 
2 247 339004 25.63 13.23 66.38 
1 242 339068 22.38 14.89 54.93 
1 242 339468 22.39 14.89 77.82 
1 242 339868 22.39 14.89 57.22 
2 248 339504 25.64 13.23 105.29 
2 248 339904 25.64 13.23 112.15 
2 248 340304 25.65 13.23 66.38 
1 246 344268 22.38 14.93 59.51 
1 246 344668 22.38 14.97 59.51 
1 246 345068 22.41 14.93 68.66 
2 252 344704 25.64 13.19 86.98 
2 252 345104 25.65 13.16 93.84 
2 252 345504 25.65 13.19 153.35 
1 247 345568 22.38 14.97 66.38 
1 247 345969 22.38 14.97 68.66 
1 247 346369 22.39 14.93 70.95 
2 253 346004 25.65 13.16 73.24 
2 253 346404 25.65 13.23 167.08 
2 253 346804 25.65 13.16 77.82 
1 248 346869 22.37 14.89 59.51 
1 248 347269 22.38 14.97 68.66 
1 248 347669 22.39 14.97 68.66 
2 254 347304 25.64 13.15 77.82 
2 254 347704 25.65 13.16 36.62 
2 254 348104 25.67 13.16 121.31 
1 249 348168 22.38 14.93 57.22 
1 249 348568 22.38 14.89 38.91 
1 249 348968 22.37 14.93 73.24 
2 255 348604 25.65 13.16 29.75 
2 255 349004 25.66 13.16 89.26 
2 255 349404 25.66 13.16 68.66 
1 250 349468 22.37 14.89 43.49 
1 250 349868 22.38 14.97 50.35 
1 250 350268 22.38 14.89 54.93 
2 0 349904 25.66 13.16 109.86 
2 0 350304 25.66 13.16 52.64 
2 0 350704 25.67 13.16 96.13 
1 251 350768 22.38 14.97 64.09 
1 251 351168 22.38 14.97 45.78 
1 251 351568 22.38 14.97 38.91 
2 1 351204 25.65 13.16 103.00 
2 1 351604 25.67 13.16 98.42 
2 1 352004 25.67 13.16 80.11 
1 252 352068 22.38 14.97 59.51 
1 252 352468 22.39 14.97 43.49 
1 252 352868 22.40 14.97 45.78 
2 2 352504 25.66 13.16 73.24 
2 2 352904 25.66 13.16 105.29 
2 2 353304 25.68 13.16 93.84 
1 253 353368 22.38 14.97 75.53 
1 253 353768 22.38 14.97 70.95 
1 253 354168 22.39 14.97 61.80 
2 3 353804 25.67 13.16 121.31 
2 3 354204 25.68 13.16 98.42 
2 3 354604 25.68 13.16 137.33 
1 254 354668 22.38 14.97 64.09 
1 254 355068 22.38 14.97 59.51 
1 254 355468 22.39 14.97 73.24 
2 4 355104 25.67 13.16 70.95 
2 4 355504 25.69 13.16 187.68 
2 4 355904 25.68 13.16 109.86 
1 255 355968 22.37 14.97 66.38 
1 255 356368 22.38 14.97 86.98 
1 255 356768 22.38 14.97 68.66 
2 5 356404 25.67 13.16 125.89 
2 5 356804 25.69 13.16 27.47 
2 5 357204 25.70 13.16 164.79 
2 5 356404 25.67 13.16 125.89 
2 5 356804 25.69 13.16 27.47 
2 5 357204 25.70 13.16 164.79 
2 3 353804 25.67 13.16 121.31 
2 3 354204 25.68 13.16 98.42 
2 3 354604 25.68 13.16 137.33 
1 254 354668 22.38 14.97 64.09 
1 254 355068 22.38 14.97 59.51 
1 254 355468 22.39 14.97 73.24 
2 4 355104 25.67 13.16 70.95 
2 4 355504 25.69 13.16 187.68 
2 4 355904 25.68 13.16 109.86 
1 255 355968 22.37 14.97 66.38 
1 255 356368 22.38 14.97 86.98 
1 255 356768 22.38 14.97 68.66 
2 5 356404 25.67 13.16 125.89 
2 5 356804 25.69 13.16 27.47 
2 5 357204 25.70 13.16 164.79 
1 0 357268 22.38 14.97 57.22 
1 0 357668 22.38 14.97 98.42 
1 0 358068 22.38 14.97 50.35 
2 6 357704 25.68 13.16 66.38 
2 6 358104 25.68 13.16 80.11 
2 6 358504 25.69 13.16 52.64 
1 1 358569 22.38 14.97 77.82 
1 1 358969 22.38 14.97 77.82 
1 1 359369 22.38 15.01 57.22 
2 7 359004 25.69 13.16 121.31 
2 7 359404 25.69 13.16 27.47 
2 7 359804 25.69 13.16 103.00 
1 2 359869 22.38 15.01 36.62 
1 2 360269 22.38 14.97 61.80 
1 2 360669 22.38 14.97 57.22 
2 8 360304 25.70 13.16 0.00 
2 8 360704 25.69 13.16 98.42 
2 8 361104 25.71 13.16 25.18 
1 3 361169 22.37 14.97 70.95 
1 3 361569 22.37 14.97 54.93 
1 3 361969 22.38 14.97 52.64 
2 9 361604 25.69 13.16 109.86 
2 9 362004 25.71 13.16 82.40 
2 9 362404 25.71 13.16 123.60 
1 4 362469 22.37 14.97 64.09 
1 4 362869 22.38 14.97 73.24 
1 4 363269 22.38 14.97 54.93 
2 10 362904 25.69 13.16 137.33 
2 10 363304 25.70 13.16 96.13 
2 10 363704 25.71 13.16 121.31 
1 5 363769 22.37 14.97 48.07 
1 5 364169 22.37 14.97 66.38 
1 5 364569 22.38 14.97 59.51 
2 11 364204 25.69 13.16 89.26 
2 11 364604 25.71 13.16 128.17 
2 11 365004 25.71 13.16 96.13 
1 6 365069 22.38 14.97 48.07 
1 6 365469 22.38 14.97 59.51 
1 6 365869 22.38 14.97 68.66 
2 12 365504 25.71 13.16 162.51 
2 12 365904 25.71 13.16 68.66 
2 12 366304 25.71 13.16 155.64 
1 7 366369 22.36 14.97 73.24 
1 7 366769 22.38 14.97 45.78 
1 7 367169 22.36 14.97 68.66 
2 13 366804 25.70 13.16 125.89 
2 13 367204 25.71 13.16 119.02 
2 13 367604 25.71 13.16 105.29 
1 8 367669 22.36 15.01 64.09 
1 8 368069 22.37 14.97 66.38 
1 8 368469 22.37 14.97 54.93 
2 14 368104 25.69 13.16 192.26 
2 14 368504 25.71 13.16 84.69 
2 14 368905 25.73 13.16 203.70 
1 9 368969 22.36 14.97 48.07 
1 9 369369 22.38 15.01 61.80 
1 9 369769 22.37 14.97 59.51 
2 15 369405 25.71 13.16 48.07 
2 15 369805 25.72 13.16 173.95 
2 15 370205 25.72 13.16 54.93 
1 10 370269 22.36 14.97 57.22 
1 10 370669 22.37 14.97 61.80 
1 10 371069 22.38 15.01 64.09 
2 16 370705 25.71 13.16 109.86 
2 16 371105 25.72 13.16 54.93 
2 16 371505 25.73 13.16 112.15 
1 11 371569 22.36 14.97 61.80 
1 11 371969 22.37 15.01 59.51 
1 11 372369 22.38 14.97 59.51 
2 17 372005 25.71 13.16 25.18 
2 17 372405 25.72 13.08 125.89 
2 17 372805 25.73 13.16 66.38 
1 12 372869 22.36 15.01 61.80 
1 12 373270 22.37 14.97 43.49 
1 12 373670 22.38 15.04 64.09 
2 18 373305 25.72 13.16 91.55 
2 18 373705 25.73 13.16 93.84 
2 18 374105 25.72 13.16 68.66 
1 13 374170 22.36 14.97 54.93 
1 13 374570 22.36 15.01 52.64 
1 13 374970 22.38 14.97 80.11 
2 19 374605 25.73 13.16 153.35 
2 19 375005 25.74 13.16 86.98 
2 19 375405 25.73 13.08 48.07 
1 14 375469 22.36 14.97 61.80 
1 14 375869 22.36 15.01 57.22 
1 14 376269 22.37 14.97 50.35 
2 20 375905 25.73 13.16 91.55 
2 20 376305 25.74 13.16 77.82 
2 20 376705 25.74 13.16 96.13 
1 15 376769 22.37 14.97 59.51 
1 15 377169 22.36 14.97 43.49 
1 15 377569 22.37 14.97 54.93 
2 21 377205 25.74 13.16 132.75 
2 21 377605 25.75 13.16 105.29 
2 21 378005 25.74 13.12 50.35 
1 16 378069 22.36 14.97 66.38 
1 16 378469 22.36 14.97 57.22 
1 16 378869 22.37 14.97 59.51 
2 22 378505 25.74 13.16 130.46 
2 22 378905 25.74 13.16 82.40 
2 22 379305 25.75 13.16 73.24 
1 17 379369 22.36 14.97 66.38 
1 17 379770 22.37 14.97 64.09 
1 17 380170 22.36 14.97 38.91 
2 23 379805 25.75 13.12 125.89 
2 23 380205 25.76 13.12 86.98 
2 23 380605 25.75 13.16 137.33 
2 227 645008 26.11 15.61 125.89 
2 227 645408 26.12 15.61 130.46 
2 227 645808 26.13 15.68 93.84 
1 176 645084 22.16 16.23 66.38 
1 176 645484 22.18 16.23 82.40 
1 176 645884 22.18 16.23 68.66 
2 228 646308 26.11 15.76 114.44 
2 228 646708 26.12 15.76 98.42 
2 228 647108 26.12 15.83 141.91 
1 177 646384 22.18 16.23 64.09 
1 177 646784 22.19 16.16 70.95 
1 177 647184 22.18 16.16 64.09 
2 229 647608 26.12 15.83 91.55 
2 229 648008 26.12 15.87 167.08 
2 229 648408 26.13 15.91 96.13 
1 178 647684 22.17 16.16 61.80 
1 178 648084 22.19 16.08 59.51 
1 178 648484 22.20 16.08 61.80 
2 230 648908 26.13 15.91 121.31 
2 230 649309 26.12 15.91 64.09 
2 230 649709 26.13 15.91 178.53 
1 179 648984 22.19 16.08 27.47 
1 179 649384 22.20 16.01 64.09 
1 179 649784 22.19 16.01 59.51 
2 231 650209 26.12 15.98 52.64 
2 231 650609 26.13 16.02 103.00 
2 231 651009 26.13 15.98 36.62 
1 180 650284 22.19 16.01 73.24 
1 180 650684 22.19 15.93 50.35 
1 180 651084 22.20 15.93 89.26 
2 232 651509 26.11 15.98 61.80 
2 232 651909 26.12 15.95 59.51 
2 232 652309 26.13 15.91 121.31 
1 181 651584 22.19 15.86 0.00 
1 181 651984 22.21 15.86 93.84 
1 181 652384 22.21 15.86 45.78 
2 233 652809 26.13 15.83 86.98 
2 233 653209 26.12 15.83 75.53 
2 233 653609 26.12 15.76 27.47 
1 182 652884 22.19 15.78 0.00 
1 182 653284 22.21 15.79 38.91 
1 182 653684 22.22 15.79 59.51 
1 0 122 22.08 21.77 114.44 
1 0 522 22.12 22.02 123.60 
1 0 922 22.13 22.21 274.66 
1 1 1422 22.14 22.43 96.13 
1 1 1822 22.15 22.50 125.89 
1 1 2222 22.18 22.57 80.11 
1 2 2722 22.16 22.65 205.99 
1 2 3122 22.18 22.72 247.19 
1 2 3522 22.20 22.76 100.71 
1 3 4022 22.19 22.79 34.33 
1 3 4422 22.20 22.87 192.26 
1 3 4822 22.20 22.94 125.89 
1 4 5322 22.20 23.01 45.78 
1 4 5722 22.22 23.09 0.00 
1 4 6122 22.22 23.16 242.61 
1 5 6622 22.24 23.16 0.00 
1 5 7022 22.24 23.16 32.04 
1 5 7422 22.26 23.16 0.00 
1 6 7922 22.26 23.16 61.80 
1 6 8322 22.27 23.12 0.00 
1 6 8722 22.29 23.16 100.71 
1 7 9222 22.28 23.09 0.00 
1 7 9622 22.29 23.09 66.38 
1 7 10022 22.31 23.09 0.00 
1 8 10522 22.31 23.02 0.00 
1 8 10922 22.33 23.02 73.24 
1 8 119804 22.33 22.95 41.20 
1 9 120304 22.32 22.91 27.47 
1 9 120704 22.34 22.88 0.00 
1 9 121104 22.36 22.88 52.64 
1 10 121604 22.36 22.88 0.00 
1 10 122004 22.37 22.91 29.75 
1 10 122404 22.39 23.02 169.37 
1 11 122905 22.37 23.10 61.80 
1 11 123305 22.40 23.13 45.78 
1 11 123705 22.40 23.17 86.98 
1 12 124205 22.40 23.10 73.24 
1 12 124605 22.43 23.03 64.09 
1 12 125005 22.42 22.95 61.80 
1 13 125505 22.43 22.95 34.33 
1 13 125905 22.44 22.88 100.71 
1 13 126304 22.45 22.85 64.09 
1 14 126804 22.46 22.81 25.18 
1 14 127204 22.47 22.74 187.68 
1 14 127604 22.48 22.74 103.00 
1 15 128104 22.49 22.63 185.39 
1 15 128504 22.50 22.59 64.09 
1 15 128904 22.51 22.60 183.11 
1 15 128104 22.49 22.63 185.39 
1 15 128504 22.50 22.59 64.09 
1 15 128904 22.51 22.60 183.11 
1 0 122 22.63 22.93 0.00 
1 0 522 22.67 22.90 366.21 
1 0 922 22.69 22.86 0.00 
1 1 1422 22.71 22.83 199.13 
1 1 1822 22.73 22.83 22.89 
1 1 2222 22.75 22.76 260.93 
1 2 2722 22.74 22.76 11.44 
1 2 3122 22.78 22.76 89.26 
1 2 3522 22.78 22.72 45.78 
1 3 4022 22.79 22.69 34.33 
1 3 4422 22.80 22.61 45.78 
1 3 4822 22.81 22.61 254.06 
1 4 5322 22.81 22.54 73.24 
1 4 5722 22.83 22.54 157.93 
1 4 6122 22.84 22.51 64.09 
1 0 122 22.94 24.58 34.33 
1 0 522 22.98 24.80 68.66 
1 0 922 23.01 25.09 73.24 
1 1 1422 23.01 25.67 80.11 
1 1 1822 23.03 26.10 73.24 
1 1 2222 23.06 26.54 73.24 
1 2 2722 23.05 26.89 73.24 
1 2 3122 23.07 27.11 93.84 
1 2 3522 23.08 27.15 91.55 
1 3 4022 23.09 27.04 68.66 
1 3 4422 23.09 26.86 73.24 
1 3 4822 23.10 26.61 93.84 
1 4 5322 23.10 26.36 77.82 
1 4 5722 23.10 26.04 80.11 
1 4 6122 23.12 25.75 45.78 
1 5 6622 23.11 25.35 50.35 
1 5 7022 23.11 25.03 45.78 
1 5 7422 23.13 24.67 84.69 
2 0 122 25.87 15.90 137.33 
2 0 522 25.90 16.09 155.64 
2 0 922 25.91 16.27 155.64 
1 6 7922 23.12 24.16 77.82 
1 6 8322 23.14 23.84 77.82 
1 6 8722 23.14 23.51 68.66 
2 1 1422 25.92 16.43 144.20 
2 1 1822 25.93 16.50 148.77 
2 1 2222 25.94 16.58 119.02 
1 7 9222 23.14 23.07 73.24 
1 7 9622 23.16 22.78 73.24 
1 7 10022 23.17 22.46 77.82 
2 2 2722 25.93 16.73 141.91 
2 2 3122 25.94 16.95 139.62 
2 2 3522 25.95 17.18 130.46 
1 8 10522 23.16 22.13 84.69 
1 8 10922 23.17 21.91 77.82 
1 8 11322 23.18 21.62 73.24 
2 3 4022 25.94 17.48 119.02 
2 3 4422 25.93 17.63 139.62 
2 3 4822 25.94 17.78 139.62 
1 9 11822 23.18 21.32 80.11 
1 9 12222 23.19 21.14 82.40 
1 9 12622 23.20 20.88 64.09 
2 4 5322 25.93 17.93 130.46 
2 4 5722 25.93 18.00 123.60 
2 4 6122 25.94 18.00 141.91 
1 10 13122 23.20 20.66 84.69 
1 10 13522 23.19 20.52 77.82 
1 10 13922 23.20 20.30 91.55 
2 5 6622 25.93 18.00 130.46 
2 5 7022 25.93 18.00 132.75 
2 5 7422 25.94 18.00 137.33 
1 11 14422 23.20 20.07 80.11 
1 11 14822 23.22 19.93 75.53 
1 11 15222 23.22 19.78 77.82 
2 6 7922 25.93 17.93 121.31 
2 6 8322 25.93 17.85 125.89 
2 6 8722 25.93 17.85 137.33 
1 12 15722 23.22 19.63 70.95 
1 12 16122 23.23 19.56 75.53 
1 12 174181 23.24 19.41 98.42 
2 7 9222 25.91 17.78 128.17 
2 7 9622 25.92 17.70 128.17 
2 7 10022 25.92 17.63 144.20 
1 13 174681 23.23 19.26 107.57 
1 13 175081 23.25 19.19 103.00 
1 13 175481 23.25 19.08 57.22 
2 8 10522 25.91 17.55 132.75 
2 8 10922 25.92 17.40 135.04 
2 8 11322 25.91 17.33 144.20 
1 14 175981 23.24 18.97 75.53 
1 14 176381 23.24 18.82 66.38 
1 14 176781 23.26 18.75 54.93 
2 9 11822 25.91 17.18 137.33 
2 9 12222 25.91 17.06 137.33 
2 9 12622 25.91 16.95 141.91 
1 15 177281 23.25 18.60 86.98 
1 15 177681 23.25 18.52 89.26 
1 15 178081 23.27 18.45 82.40 
2 10 13122 25.90 16.80 135.04 
2 10 13522 25.90 16.73 139.62 
2 10 13922 25.91 16.65 141.91 
2 0 122 25.02 17.73 73.24 
2 0 522 25.04 18.03 194.55 
2 0 922 25.05 18.40 187.68 
2 1 1422 25.06 18.77 183.11 
2 1 1822 25.06 19.04 123.60 
2 1 2222 25.06 19.22 160.22 
2 2 2722 25.06 19.44 100.71 
2 2 3122 25.07 19.52 160.22 
2 2 3522 25.09 19.67 128.17 
2 3 4022 25.08 19.74 157.93 
2 3 4422 25.09 19.82 105.29 
2 3 4822 25.08 19.82 162.51 
2 4 5322 25.06 19.82 96.13 
2 4 5722 25.08 19.74 153.35 
2 4 6122 25.07 19.74 50.35 
2 5 6622 25.06 19.67 119.02 
2 5 7022 25.07 19.59 70.95 
2 5 7422 25.06 19.52 123.60 
2 6 7922 25.06 19.44 100.71 
2 6 8322 25.07 19.30 91.55 
2 6 8722 25.06 19.22 121.31 
2 7 9222 25.06 19.07 86.98 
2 7 9622 25.06 19.00 80.11 
2 7 10022 25.06 18.85 192.26 
2 8 10522 25.05 18.70 123.60 
2 8 10922 25.05 18.63 132.75 
2 8 11322 25.05 18.55 75.53 
1 0 122 22.84 17.91 48.07 
1 0 522 22.87 18.21 64.09 
1 0 922 22.90 18.50 68.66 
1 1 1422 22.90 18.84 50.35 
1 1 1822 22.92 19.17 0.00 
1 1 2222 22.93 19.47 0.00 
1 2 2722 22.93 19.76 32.04 
1 2 3122 22.94 20.06 66.38 
1 2 3522 22.95 20.28 91.55 
1 3 4022 22.93 20.50 50.35 
1 3 4422 22.96 20.72 160.22 
1 3 4822 22.96 20.87 100.71 
1 4 5322 22.96 21.02 107.57 
1 4 5722 22.97 21.16 82.40 
1 4 6122 22.99 21.24 50.35 
1 5 6622 22.98 21.31 82.40 
1 5 7022 22.98 21.31 27.47 
1 5 7422 22.99 21.31 50.35 
1 6 7922 22.98 21.31 41.20 
1 6 8322 23.00 21.31 0.00 
1 6 8722 23.00 21.24 61.80 
1 7 9222 22.99 21.24 70.95 
1 7 9622 23.01 21.17 73.24 
1 7 10022 23.02 21.09 4.58 
1 8 10522 23.01 21.02 77.82 
1 8 10922 23.03 21.02 27.47 
1 8 11322 23.04 20.95 82.40 
1 9 307348 23.02 20.87 80.11 
1 9 307748 23.04 20.80 146.48 
1 9 308148 23.05 20.73 34.33 
1 10 308648 23.05 20.65 144.20 
1 10 309048 23.05 20.58 0.00 
1 10 309448 23.06 20.51 164.79 
1 0 122 23.07 19.70 20.60 
1 0 522 23.10 19.63 242.61 
1 0 922 23.12 19.52 20.60 
1 1 1422 23.22 19.85 82.40 
1 1 1822 23.24 20.08 93.84 
1 1 2222 23.26 20.23 77.82 
1 2 2722 23.26 20.41 84.69 
1 2 3122 23.27 20.48 86.98 
1 2 3522 23.28 20.48 75.53 
1 3 4022 23.27 20.45 80.11 
1 3 4422 23.30 20.37 93.84 
1 3 4822 23.30 20.26 84.69 
2 0 122 24.60 15.83 96.13 
2 0 522 24.64 16.06 130.46 
2 0 922 24.65 16.21 84.69 
1 4 5322 23.30 20.08 80.11 
1 4 5722 23.30 19.93 89.26 
1 4 6122 23.32 19.71 82.40 
2 1 1422 24.66 16.51 144.20 
2 1 1822 24.67 16.70 82.40 
2 1 2222 24.68 16.92 96.13 
1 5 6622 23.31 19.49 89.26 
1 5 7022 23.34 19.34 82.40 
1 5 7422 23.35 19.16 80.11 
2 2 2722 24.69 17.19 68.66 
2 2 3122 24.68 17.34 105.29 
2 2 3522 24.69 17.49 61.80 
1 6 7922 23.34 18.94 77.82 
1 6 8322 23.34 18.75 77.82 
1 6 8722 23.35 18.60 86.98 
2 3 4022 24.68 17.64 141.91 
2 3 4422 24.69 17.71 43.49 
2 3 4822 24.70 17.86 103.00 
1 7 9222 23.34 18.38 73.24 
1 7 9622 23.36 18.23 80.11 
1 7 10022 23.37 18.08 80.11 
2 4 5322 24.69 17.93 155.64 
2 4 5722 24.69 17.93 109.86 
2 4 6122 24.70 18.01 70.95 
1 8 10522 23.35 17.86 64.09 
1 8 10922 23.37 17.71 75.53 
1 8 11322 23.36 17.64 75.53 
2 5 6622 24.70 18.01 119.02 
2 5 7022 24.69 18.08 164.79 
2 5 7422 24.70 18.05 91.55 
1 9 11822 23.37 17.49 64.09 
1 9 12222 23.36 17.34 73.24 
1 9 12622 23.37 17.27 80.11 
2 6 7922 24.69 18.01 169.37 
2 6 8322 24.70 18.01 128.17 
2 6 8722 24.71 17.94 73.24 
1 10 13122 23.37 17.12 70.95 
1 10 341190 23.38 17.00 73.24 
1 10 341590 23.39 16.89 70.95 
1 11 360147 23.28 15.58 75.53 
1 11 360647 23.32 15.58 77.82 
1 11 361147 23.32 15.54 77.82 
1 12 363712 23.32 15.39 82.40 
1 12 364212 23.33 15.39 68.66 
1 12 364712 23.33 15.39 73.24 
1 13 385856 23.23 15.01 82.40 
1 13 386356 23.26 15.01 73.24 
1 13 386856 23.27 15.01 86.98 
1 14 388093 23.24 15.01 59.51 
1 14 388593 23.26 15.01 59.51 
1 14 389093 23.28 14.98 93.84 
1 15 390612 23.24 14.94 80.11 
1 15 391112 23.26 14.94 105.29 
1 15 391612 23.28 14.94 105.29 
1 16 407153 23.16 14.86 77.82 
1 16 407653 23.20 14.78 70.95 
1 16 408153 23.21 14.78 84.69 
1 17 409365 23.20 14.78 73.24 
1 17 409865 23.21 14.78 75.53 
1 17 410365 23.21 14.78 80.11 
1 18 559416 22.70 15.13 80.11 
1 18 232337 22.71 15.14 75.53 
1 18 232937 22.71 15.14 77.82 
1 19 233837 22.70 15.13 82.40 
1 19 234437 22.71 15.14 68.66 
1 19 235037 22.72 15.14 80.11 
1 20 235937 22.71 15.21 80.11 
1 20 236537 22.72 15.17 70.95 
1 20 237137 22.73 15.21 77.82 
1 21 238037 22.71 15.21 80.11 
1 21 238637 22.72 15.21 66.38 
1 21 239237 22.73 15.21 80.11 
1 22 240137 22.71 15.21 82.40 
1 22 240737 22.73 15.21 77.82 
1 22 241337 22.72 15.21 80.11 
1 23 242237 22.71 15.21 77.82 
1 23 242837 22.71 15.21 75.53 
1 23 243437 22.72 15.25 77.82 
1 24 244337 22.69 15.28 82.40 
1 24 244937 22.71 15.25 77.82 
1 24 245537 22.71 15.29 75.53 
1 25 41470 22.69 15.25 75.53 
1 25 42070 22.71 15.25 80.11 
1 25 42670 22.72 15.21 77.82 
1 26 43570 22.71 15.21 73.24 
1 26 44170 22.71 15.21 70.95 
1 26 44770 22.70 15.21 68.66 
1 27 45670 22.69 15.13 75.53 
1 27 46270 22.71 15.14 66.38 
1 27 46870 22.69 15.13 68.66 
1 28 47770 22.69 15.13 68.66 
1 28 48370 22.70 15.13 73.24 
1 28 48970 22.70 15.13 75.53 
1 29 49870 22.70 15.13 68.66 
1 29 50470 22.69 15.13 86.98 
1 29 51070 22.70 15.13 68.66 
1 30 51970 22.68 15.13 80.11 
1 30 52570 22.70 15.13 80.11 
1 30 53170 22.70 15.13 70.95 
1 31 54070 22.70 15.13 80.11 
1 31 54670 22.68 15.17 57.22 
1 31 55270 22.69 15.21 75.53 
1 32 56170 22.68 15.13 68.66 
1 32 56770 22.69 15.21 84.69 
1 32 57370 22.69 15.21 77.82 
1 33 58271 22.67 15.21 80.11 
1 33 58871 22.69 15.21 70.95 
1 33 59471 22.70 15.21 93.84 
1 34 68738 22.60 15.13 91.55 
1 34 69338 22.63 15.13 80.11 
1 34 69938 22.63 15.13 70.95 
1 35 70838 22.63 15.06 73.24 
1 35 71438 22.63 15.06 84.69 
1 35 72038 22.64 15.06 73.24 
1 36 72938 22.63 15.06 93.84 
1 36 73538 22.66 15.06 80.11 
1 36 74138 22.64 15.06 70.95 
1 37 75039 22.64 15.06 75.53 
1 37 75638 22.65 15.06 77.82 
1 37 76238 22.65 15.02 77.82 
1 38 77138 22.63 15.06 77.82 
1 38 77738 22.65 14.98 77.82 
1 38 78339 22.64 14.98 75.53 
1 39 79238 22.63 14.98 75.53 
1 39 79838 22.65 14.94 73.24 
1 39 80438 22.63 14.91 77.82 
1 40 83642 22.61 14.91 80.11 
1 40 84042 22.63 14.91 80.11 
1 40 84442 22.66 14.91 80.11 
1 41 85242 22.63 14.91 80.11 
1 41 85642 22.66 14.95 82.40 
1 41 86042 22.66 14.98 77.82 
1 42 86842 22.63 14.98 73.24 
1 42 87242 22.65 14.98 73.24 
1 42 87642 22.65 14.98 75.53 
1 43 88443 22.63 15.06 66.38 
1 43 88842 22.67 15.06 75.53 
1 43 89242 22.67 15.06 70.95 
1 44 90042 22.65 15.06 52.64 
1 44 90442 22.67 15.06 66.38 
1 44 90842 22.67 15.06 0.00 
1 45 91642 22.63 15.06 73.24 
1 45 92042 22.68 15.06 77.82 
1 45 92442 22.67 15.06 75.53 
1 46 93242 22.64 15.06 75.53 
1 46 93642 22.65 15.06 61.80 
1 46 94042 22.67 15.10 84.69 
1 47 94842 22.65 15.13 75.53 
1 47 95242 22.65 15.09 75.53 
1 47 95642 22.67 15.13 73.24 
1 48 96442 22.63 15.13 75.53 
1 48 96842 22.65 15.13 89.26 
1 48 97242 22.66 15.13 70.95 
1 49 98042 22.63 15.13 75.53 
1 49 98442 22.67 15.13 73.24 
1 49 98842 22.67 15.13 75.53 
1 50 99642 22.63 15.13 16.02 
1 50 100042 22.65 15.13 80.11 
1 50 100442 22.67 15.13 84.69 
1 51 101242 22.64 15.13 77.82 
1 51 101642 22.65 15.13 45.78 
1 51 102042 22.65 15.13 45.78 
1 52 102842 22.63 15.13 125.89 
1 52 103242 22.64 15.13 70.95 
1 52 103642 22.65 15.17 70.95 
1 53 104442 22.62 15.13 48.07 
1 53 104843 22.64 15.17 80.11 
1 53 105243 22.65 15.13 38.91 
1 54 106042 22.63 15.17 64.09 
1 54 106442 22.64 15.17 57.22 
1 54 106842 22.65 15.21 77.82 
1 55 108560 22.59 15.17 75.53 
1 55 109160 22.60 15.21 77.82 
1 55 109761 22.60 15.21 128.17 
1 56 110961 22.59 15.20 82.40 
1 56 111561 22.59 15.20 114.44 
1 56 112161 22.60 15.21 80.11 
1 57 113361 22.58 15.20 121.31 
1 57 113961 22.59 15.20 57.22 
1 57 114561 22.59 15.17 98.42 
1 58 117785 22.58 15.13 86.98 
1 58 118285 22.59 15.05 75.53 
1 58 118785 22.60 15.05 82.40 
1 59 119785 22.58 15.09 66.38 
1 59 120285 22.59 15.09 0.00 
1 59 120785 22.60 15.05 64.09 
1 60 121785 22.58 15.13 132.75 
1 60 122285 22.60 15.13 130.46 
1 60 122785 22.60 15.13 107.57 
1 61 123785 22.57 15.13 61.80 
1 61 124285 22.58 15.13 132.75 
1 61 124785 22.60 15.13 70.95 
1 62 129620 22.58 15.13 80.11 
1 62 130019 22.59 15.13 68.66 
1 62 130419 22.60 15.13 89.26 
1 63 131019 22.60 15.13 91.55 
1 63 131419 22.60 15.13 73.24 
1 63 131819 22.60 15.13 70.95 
1 64 132419 22.59 15.17 75.53 
1 64 132819 22.60 15.13 77.82 
1 64 133219 22.61 15.13 73.24 
1 65 133819 22.59 15.13 80.11 
1 65 134219 22.60 15.21 75.53 
1 65 134619 22.61 15.21 93.84 
1 66 135219 22.59 15.20 73.24 
1 66 135619 22.60 15.20 75.53 
1 66 136019 22.61 15.21 75.53 
1 67 136620 22.59 15.20 68.66 
1 67 137020 22.60 15.21 70.95 
1 67 137420 22.61 15.21 68.66 
1 68 138020 22.60 15.17 80.11 
1 68 138420 22.61 15.21 89.26 
1 68 138820 22.62 15.21 82.40 
1 69 139421 22.60 15.20 75.53 
1 69 139821 22.60 15.21 77.82 
1 69 140220 22.61 15.17 75.53 
1 70 142746 22.58 15.13 73.24 
1 70 143146 22.60 15.13 77.82 
1 70 143546 22.60 15.13 77.82 
1 71 144146 22.59 15.13 68.66 
1 71 144546 22.60 15.05 64.09 
1 71 144946 22.61 15.09 73.24 
1 72 145546 22.60 15.05 73.24 
1 72 145946 22.60 15.05 75.53 
1 72 146346 22.60 15.05 64.09 
1 73 146945 22.60 15.05 80.11 
1 73 147345 22.60 15.05 75.53 
1 73 147745 22.60 15.02 68.66 
1 74 148345 22.60 14.98 80.11 
1 74 148745 22.60 14.98 77.82 
1 74 149145 22.60 14.98 70.95 
1 75 149745 22.59 14.98 54.93 
1 75 150145 22.60 14.90 68.66 
1 75 150545 22.61 14.91 64.09 
1 76 152187 22.59 14.90 73.24 
1 76 152587 22.59 14.87 73.24 
1 76 152987 22.60 14.83 66.38 
1 77 153587 22.60 14.83 77.82 
1 77 153987 22.59 14.83 77.82 
1 77 154387 22.60 14.83 70.95 
1 78 154987 22.58 14.83 57.22 
1 78 155387 22.60 14.83 70.95 
1 78 155787 22.60 14.83 73.24 
1 79 158518 22.52 14.75 77.82 
1 79 159018 22.54 14.75 61.80 
1 79 159518 22.56 14.75 77.82 
1 80 160518 22.53 14.75 70.95 
1 80 161018 22.54 14.79 70.95 
1 80 161518 22.55 14.75 57.22 
1 81 162518 22.52 14.75 80.11 
1 81 163018 22.54 14.83 84.69 
1 81 163518 22.54 15.20 82.40 
1 10 184421 22.56 17.26 77.82 
1 10 184435 22.58 17.22 84.69 
1 10 184449 22.57 17.15 48.07 
2 14 18322 26.43 16.98 100.71 
2 14 18722 26.42 16.90 157.93 
2 14 19122 26.43 16.83 82.40 
1 11 184467 22.58 17.15 77.82 
1 11 184481 22.58 17.07 68.66 
1 11 184495 22.58 17.00 73.24 
2 15 19622 26.42 16.68 157.93 
2 15 20022 26.43 16.60 86.98 
2 15 20422 26.43 16.53 196.84 
1 12 184513 22.57 16.92 82.40 
1 12 184527 22.58 16.85 77.82 
1 12 184541 22.58 16.78 84.69 
2 16 20922 26.42 16.45 22.89 
2 16 21322 26.44 16.38 105.29 
2 16 21722 26.44 16.30 80.11 
1 13 184558 22.56 16.77 82.40 
1 13 184572 22.58 16.70 84.69 
1 13 184587 22.58 16.63 80.11 
2 17 187761 26.43 16.23 103.00 
2 17 187994 26.42 16.15 20.60 
2 17 188227 26.43 16.07 77.82 
1 14 184604 22.58 16.55 64.09 
1 14 184618 22.59 16.51 64.09 
1 14 184632 22.58 16.48 84.69 
2 18 188519 26.42 16.07 75.53 
2 18 188752 26.43 16.00 121.31 
2 18 188985 26.44 15.92 52.64 
2 18 188519 26.42 16.07 75.53 
2 18 188752 26.43 16.00 121.31 
2 18 188985 26.44 15.92 52.64 
1 15 184650 22.57 16.40 54.93 
1 15 184664 22.58 16.40 61.80 
1 15 184678 22.58 16.33 70.95 
2 19 189276 26.43 15.85 116.73 
2 19 189509 26.44 15.81 59.51 
2 19 189742 26.45 15.77 128.17 
1 16 184696 22.58 16.33 64.09 
1 16 184710 22.59 16.29 57.22 
1 16 184724 22.59 16.25 64.09 
1 17 184767 22.53 16.18 86.98 
1 17 184785 22.54 16.18 57.22 
1 17 184803 22.56 16.18 61.80 
1 18 184838 22.52 16.10 70.95 
1 18 184856 22.54 16.03 73.24 
1 18 184873 22.54 16.03 68.66 
1 19 26956 22.50 15.95 70.95 
1 19 27456 22.53 15.95 73.24 
1 19 27956 22.54 15.91 70.95 
1 20 28956 22.52 15.80 66.38 
1 20 29456 22.53 15.80 59.51 
1 20 29956 22.54 15.80 70.95 
1 21 30956 22.52 15.76 70.95 
1 21 31456 22.53 15.73 61.80 
1 21 31956 22.54 15.69 57.22 
1 22 32956 22.50 15.65 68.66 
1 22 33456 22.52 15.65 70.95 
1 22 33956 22.52 15.65 59.51 
1 23 35137 22.50 15.65 68.66 
1 23 35737 22.51 15.65 64.09 
1 23 36337 22.52 15.61 73.24 
1 24 37237 22.50 15.57 70.95 
1 24 37837 22.51 15.58 64.09 
1 24 38437 22.52 15.61 70.95 
1 25 39337 22.49 15.65 73.24 
1 25 39937 22.50 15.65 68.66 
1 25 218548 22.51 15.65 68.66 
1 26 219448 22.49 15.69 68.66 
1 26 220048 22.50 15.72 59.51 
1 26 220648 22.50 15.72 73.24 
1 27 221548 22.49 15.72 70.95 
1 27 222148 22.50 15.72 64.09 
1 27 222748 22.50 15.72 73.24 
1 28 223648 22.50 15.72 73.24 
1 28 224248 22.50 15.72 54.93 
1 28 224848 22.50 15.72 77.82 
1 29 225749 22.48 15.72 68.66 
1 29 226349 22.49 15.72 59.51 
1 29 226949 22.52 15.69 66.38 
1 30 227849 22.50 15.65 84.69 
1 30 228449 22.50 15.65 54.93 
1 30 229049 22.50 15.57 86.98 
1 31 229949 22.48 15.57 77.82 
1 31 230549 22.50 15.57 64.09 
1 31 231149 22.50 15.57 66.38 
1 32 232049 22.48 15.50 68.66 
1 32 232649 22.50 15.50 64.09 
1 32 233249 22.50 15.50 66.38 
1 33 234149 22.48 15.50 68.66 
1 33 234749 22.48 15.50 68.66 
1 33 235349 22.49 15.50 61.80 
1 34 236249 22.48 15.46 66.38 
1 34 236849 22.49 15.42 73.24 
1 34 237449 22.50 15.42 66.38 
1 35 238349 22.48 15.42 59.51 
1 35 238949 22.50 15.39 68.66 
1 35 239549 22.49 15.42 57.22 
1 36 240449 22.48 15.42 57.22 
1 36 241049 22.48 15.42 73.24 
1 36 241649 22.49 15.50 57.22 
1 37 242549 22.48 15.50 64.09 
1 37 243149 22.49 15.54 57.22 
1 37 243749 22.50 15.57 64.09 
1 38 244649 22.48 15.57 54.93 
1 38 245249 22.49 15.57 68.66 
1 38 245849 22.49 15.57 68.66 
1 39 246749 22.48 15.50 59.51 
1 39 247349 22.49 15.54 61.80 
1 39 247949 22.49 15.50 59.51 
1 40 248849 22.48 15.50 61.80 
1 40 249449 22.49 15.50 57.22 
1 40 250049 22.49 15.50 75.53 
1 41 250949 22.46 15.50 68.66 
1 41 251549 22.48 15.50 59.51 
1 41 252149 22.48 15.50 70.95 
1 42 253049 22.46 15.50 70.95 
1 42 253649 22.48 15.50 61.80 
1 42 254249 22.48 15.57 66.38 
1 43 255149 22.47 15.57 59.51 
1 43 255749 22.48 15.61 52.64 
1 43 256349 22.49 15.57 66.38 
1 44 257250 22.46 15.65 73.24 
1 44 257850 22.47 15.65 52.64 
1 44 258450 22.48 15.65 64.09 
1 45 259350 22.46 15.65 66.38 
1 45 259950 22.48 15.65 64.09 
1 45 260550 22.47 15.65 75.53 
1 46 261450 22.46 15.65 70.95 
1 46 262051 22.47 15.65 61.80 
1 46 262651 22.48 15.65 52.64 
1 47 263550 22.46 15.61 61.80 
1 47 264150 22.47 15.57 61.80 
1 47 264750 22.48 15.57 57.22 
1 48 265650 22.46 15.57 66.38 
1 48 266250 22.46 15.54 59.51 
1 48 266850 22.48 15.50 59.51 
1 49 267750 22.46 15.50 57.22 
1 49 268350 22.47 15.46 66.38 
1 49 268950 22.47 15.50 57.22 
1 50 269850 22.46 15.50 64.09 
1 50 270450 22.47 15.57 59.51 
1 50 271050 22.46 15.57 66.38 
1 51 271950 22.44 15.57 75.53 
1 51 272550 22.46 15.57 61.80 
1 51 273150 22.46 15.57 57.22 
1 69 309752 22.41 15.72 64.09 
1 69 310352 22.42 15.72 80.11 
1 69 310952 22.43 15.72 54.93 
1 70 311852 22.41 15.68 57.22 
1 70 312452 22.42 15.72 77.82 
1 70 313052 22.42 15.65 68.66 
1 71 313953 22.41 15.65 66.38 
1 71 314553 22.42 15.72 68.66 
1 71 315153 22.42 15.76 59.51 
1 72 316053 22.41 15.80 61.80 
1 72 316653 22.41 15.83 68.66 
1 72 317253 22.42 15.87 64.09 
1 73 321155 22.37 15.87 66.38 
1 73 321655 22.40 15.79 70.95 
1 73 322155 22.40 15.79 68.66 
1 74 323155 22.38 15.79 61.80 
1 74 323655 22.40 15.79 66.38 
1 74 324155 22.40 15.76 86.98 
1 75 325155 22.40 15.72 57.22 
1 75 325655 22.40 15.72 64.09 
1 75 326155 22.42 15.72 61.80 
2 9 11822 26.56 14.11 80.11 
2 9 12222 26.55 14.11 146.48 
2 9 12622 26.55 14.11 109.86 
1 6 7922 22.39 19.07 70.95 
1 6 8322 22.40 18.96 61.80 
1 6 8722 22.40 18.85 61.80 
2 10 13122 26.55 14.11 107.57 
2 10 13522 26.56 14.11 2.29 
2 10 13922 26.55 14.11 155.64 
1 7 9222 22.39 18.62 61.80 
1 7 9622 22.41 18.55 59.51 
1 7 10022 22.40 18.36 57.22 
2 11 14422 26.55 14.11 57.22 
2 11 14822 26.56 14.11 66.38 
2 11 15222 26.57 14.19 77.82 
1 8 10522 22.39 18.22 66.38 
1 8 10922 22.42 18.11 59.51 
1 8 11322 22.41 18.03 66.38 
2 12 15722 26.56 14.19 125.89 
2 12 16122 26.56 14.19 0.00 
2 12 16522 26.56 14.19 100.71 
1 9 11822 22.40 17.96 73.24 
1 9 12222 22.41 17.85 64.09 
1 9 12622 22.42 17.81 61.80 
2 13 17022 26.55 14.19 27.47 
2 13 17422 26.56 14.19 107.57 
2 13 17822 26.57 14.19 25.18 
1 10 13122 22.42 17.73 68.66 
1 10 13522 22.42 17.66 66.38 
1 10 13922 22.42 17.66 64.09 
1 11 15409 22.38 17.51 68.66 
1 11 474599 22.40 17.44 70.95 
1 11 475099 22.40 17.40 68.66 
2 14 474098 26.52 14.11 128.17 
2 14 474598 26.53 14.11 91.55 
2 14 475098 26.53 14.03 185.39 
1 12 476099 22.38 17.25 61.80 
1 12 476599 22.38 17.21 61.80 
1 12 477099 22.39 17.14 66.38 
2 15 476098 26.50 14.03 119.02 
2 15 476598 26.51 14.03 45.78 
2 15 477098 26.52 13.96 116.73 
1 13 478099 22.37 16.99 59.51 
1 13 478599 22.39 16.99 57.22 
1 13 479099 22.39 16.91 66.38 
2 16 478098 26.49 13.88 93.84 
2 16 478598 26.52 13.88 59.51 
2 16 479098 26.52 13.88 59.51 
1 14 480099 22.37 16.84 36.62 
1 14 480599 22.39 16.77 64.09 
1 14 481099 22.40 16.77 57.22 
2 17 480098 26.49 13.80 153.35 
2 17 480598 26.50 13.80 103.00 
2 17 481098 26.51 13.80 146.48 
1 15 482099 22.37 16.69 66.38 
1 15 482599 22.38 16.69 68.66 
1 15 483099 22.38 16.62 66.38 
2 18 482098 26.49 13.73 77.82 
2 18 482598 26.50 13.73 98.42 
2 18 483098 26.51 13.69 112.15 
1 16 484099 22.36 16.54 59.51 
1 16 484599 22.38 16.47 59.51 
1 16 485099 22.39 16.47 68.66 
2 19 484098 26.48 13.65 66.38 
2 19 484598 26.50 13.65 86.98 
2 19 485098 26.51 13.65 116.73 
1 17 486099 22.36 16.39 66.38 
1 17 486599 22.38 16.32 59.51 
1 17 487099 22.39 16.32 54.93 
2 20 486098 26.47 13.57 160.22 
2 20 486598 26.49 13.57 109.86 
2 20 487098 26.50 13.57 70.95 
1 18 488099 22.36 16.20 77.82 
1 18 488599 22.38 16.17 73.24 
1 18 489099 22.39 16.09 70.95 
2 21 488098 26.46 13.50 130.46 
2 21 488598 26.49 13.50 98.42 
2 21 35256 26.50 13.50 64.09 
1 19 490099 22.37 16.06 80.11 
1 19 490599 22.38 16.02 77.82 
1 19 491099 22.39 15.94 68.66 
2 22 36256 26.47 13.46 82.40 
2 22 36756 26.48 13.50 93.84 
2 22 37256 26.48 13.42 68.66 
1 20 492099 22.38 15.91 73.24 
1 20 492599 22.38 15.87 68.66 
1 20 493099 22.39 15.87 57.22 
2 23 38256 26.46 13.42 128.17 
2 23 38756 26.48 13.42 157.93 
2 23 39256 26.48 13.34 70.95 
1 21 494099 22.37 15.83 66.38 
1 21 494599 22.39 15.87 66.38 
1 21 495099 22.40 15.87 70.95 
2 24 40256 26.46 13.34 68.66 
2 24 40756 26.48 13.34 116.73 
2 24 41256 26.49 13.35 84.69 
1 22 496099 22.36 15.87 57.22 
1 22 496599 22.38 15.87 57.22 
1 22 497100 22.39 15.87 66.38 
2 25 42256 26.45 13.34 38.91 
2 25 42756 26.49 13.35 93.84 
2 25 43256 26.48 13.34 98.42 
1 23 498099 22.37 15.87 84.69 
1 23 498599 22.38 15.87 89.26 
1 23 499099 22.39 15.87 52.64 
2 26 44256 26.47 13.34 100.71 
2 26 44756 26.48 13.34 48.07 
2 26 45256 26.48 13.42 144.20 
1 24 501958 22.35 16.24 68.66 
1 24 502958 22.36 16.32 59.51 
1 24 503958 22.35 16.39 64.09 
2 27 501958 26.43 13.57 6.87 
2 27 502958 26.45 13.61 18.31 
2 27 503958 26.45 13.65 73.24 
1 25 505958 22.32 16.39 68.66 
1 25 506958 22.33 16.31 59.51 
1 25 507958 22.32 16.24 64.09 
2 28 505958 26.43 13.72 119.02 
2 28 506958 26.43 13.72 107.57 
2 28 507958 26.44 13.72 82.40 
1 26 509959 22.31 16.09 66.38 
1 26 510959 22.31 16.01 66.38 
1 26 511959 22.33 15.94 57.22 
2 29 509958 26.42 13.72 82.40 
2 29 510958 26.43 13.72 171.66 
2 29 511958 26.42 13.72 96.13 
1 27 513960 22.31 15.86 66.38 
1 27 514960 22.33 15.79 66.38 
1 27 515960 22.32 15.79 84.69 
2 30 513958 26.41 13.76 119.02 
2 30 514958 26.41 13.72 80.11 
2 30 515958 26.42 13.72 100.71 
1 28 517960 22.31 15.72 57.22 
1 28 518960 22.31 15.72 61.80 
1 28 519961 22.33 15.64 41.20 
2 31 517958 26.39 13.65 77.82 
2 31 518958 26.41 13.57 109.86 
2 31 519958 26.41 13.57 93.84 
1 29 527779 22.29 15.49 68.66 
1 29 530778 22.28 15.45 57.22 
1 29 533778 22.28 15.45 61.80 
2 32 527778 26.37 13.34 16.02 
2 32 530778 26.37 13.26 130.46 
2 32 533778 26.36 13.19 61.80 
1 30 539778 22.26 15.41 61.80 
1 30 542780 22.26 15.41 66.38 
1 30 545780 22.25 15.41 52.64 
2 33 539778 26.34 13.19 82.40 
2 33 542779 26.34 13.19 160.22 
2 33 545779 26.34 13.19 68.66 
1 31 551780 22.25 15.34 73.24 
1 31 554780 22.25 15.34 68.66 
1 31 557781 22.24 15.41 64.09 
1 82 163071 24.86 32.32 0.00 
1 82 163471 24.87 32.36 0.00 
1 82 163871 24.88 32.36 0.00 
2 149 163074 24.89 32.29 22.89 
2 149 163474 24.88 32.29 25.18 
2 149 163874 24.89 32.29 25.18 
1 83 164371 24.86 32.36 20.60 
1 83 164771 24.87 32.36 25.18 
1 83 165171 24.87 32.36 25.18 
2 150 164375 24.88 32.29 16.02 
2 150 164775 24.89 32.29 27.47 
2 150 165175 24.89 32.29 25.18 
1 84 165671 24.87 32.36 27.47 
1 84 166071 24.87 32.36 25.18 
1 84 166471 24.87 32.36 0.00 
2 151 165675 24.89 32.29 22.89 
2 151 166075 24.89 32.29 25.18 
2 151 166475 24.89 32.29 25.18 
1 85 166971 24.87 32.39 25.18 
1 85 167371 24.87 32.39 18.31 
1 85 167771 24.88 32.43 34.33 
2 152 166975 24.89 32.29 22.89 
2 152 167375 24.88 32.29 27.47 
2 152 167775 24.89 32.29 29.75 
1 86 168271 24.87 32.39 29.75 
1 86 168671 24.87 32.43 18.31 
1 86 169071 24.88 32.43 41.20 
2 153 168275 24.88 32.29 20.60 
2 153 168675 24.89 32.29 25.18 
2 153 169075 24.89 32.29 20.60 
1 87 169571 24.87 32.39 27.47 
1 87 169971 24.87 32.43 32.04 
1 87 170371 24.88 32.43 27.47 
2 154 169575 24.89 32.29 27.47 
2 154 169975 24.90 32.29 27.47 
2 154 170375 24.89 32.29 25.18 
1 88 170871 24.87 32.43 29.75 
1 88 171271 24.88 32.39 27.47 
1 88 171671 24.87 32.39 32.04 
2 155 170875 24.88 32.32 20.60 
2 155 171275 24.89 32.29 25.18 
2 155 171675 24.90 32.33 27.47 
1 89 172171 24.87 32.39 29.75 
1 89 172571 24.88 32.36 29.75 
1 89 172971 24.87 32.36 25.18 
2 156 172175 24.89 32.32 29.75 
2 156 172575 24.88 32.32 27.47 
2 156 172975 24.88 32.36 20.60 
1 90 173471 24.87 32.36 22.89 
1 90 173871 24.89 32.36 27.47 
1 90 174271 24.88 32.32 25.18 
2 157 173475 24.88 32.36 27.47 
2 157 173875 24.88 32.32 20.60 
2 157 174274 24.89 32.36 18.31 
1 91 174771 24.87 32.29 27.47 
1 91 175171 24.89 32.29 27.47 
1 91 175571 24.88 32.29 32.04 
2 158 174774 24.88 32.36 13.73 
2 158 175174 24.88 32.36 27.47 
2 158 175574 24.89 32.36 20.60 
1 92 176071 24.88 32.29 29.75 
1 92 176471 24.89 32.29 36.62 
1 92 176871 24.89 32.25 29.75 
2 159 176074 24.88 32.36 18.31 
2 159 176475 24.89 32.36 20.60 
2 159 176875 24.89 32.36 29.75 
1 93 177371 24.88 32.22 29.75 
1 93 177771 24.89 32.22 34.33 
1 93 178171 24.90 32.22 29.75 
2 160 177375 24.89 32.43 18.31 
2 160 177774 24.88 32.43 25.18 
2 160 178174 24.88 32.43 16.02 
1 94 178671 24.89 32.22 34.33 
1 94 179071 24.90 32.19 22.89 
1 94 179471 24.90 32.19 32.04 
2 161 178674 24.87 32.46 27.47 
2 161 179074 24.88 32.50 27.47 
2 161 179474 24.88 32.50 22.89 
1 95 179971 24.89 32.18 25.18 
1 95 180371 24.89 32.15 25.18 
1 95 180771 24.89 32.15 27.47 
2 162 179974 24.88 32.53 20.60 
2 162 180374 24.88 32.53 16.02 
2 162 180774 24.89 32.57 20.60 
1 96 181271 24.88 32.15 32.04 
1 96 181671 24.90 32.15 25.18 
1 96 182071 24.90 32.15 27.47 
2 163 181274 24.87 32.60 18.31 
2 163 181674 24.88 32.60 27.47 
2 163 182074 24.89 32.64 22.89 
1 97 182571 24.88 32.15 27.47 
1 97 182971 24.89 32.15 27.47 
1 97 183371 24.89 32.15 27.47 
2 164 182574 24.87 32.71 25.18 
2 164 182974 24.88 32.71 18.31 
2 164 183374 24.87 32.71 27.47 
1 98 183871 24.89 32.15 32.04 
1 98 184271 24.90 32.19 27.47 
1 98 184671 24.89 32.18 27.47 
2 165 183874 24.87 32.74 22.89 
2 165 184274 24.89 32.78 75.53 
2 165 184674 24.89 32.82 29.75 
1 99 185171 24.88 32.18 32.04 
1 99 185571 24.88 32.22 27.47 
1 99 185971 24.90 32.22 32.04 
2 166 185174 24.87 32.81 25.18 
2 166 185574 24.89 32.85 18.31 
2 166 185974 24.88 32.85 32.04 
1 100 186471 24.88 32.22 6.87 
1 100 186871 24.89 32.22 32.04 
1 100 187271 24.90 32.22 27.47 
2 167 186474 24.87 32.92 32.04 
2 167 186874 24.88 32.92 18.31 
2 167 187274 24.89 32.92 25.18 
1 101 187771 24.89 32.25 27.47 
1 101 188171 24.90 32.29 27.47 
1 101 188571 24.90 32.29 27.47 
2 168 187775 24.87 32.92 18.31 
2 168 188175 24.89 32.99 22.89 
2 168 188575 24.88 32.99 18.31 
1 102 189071 24.88 32.29 32.04 
1 102 189471 24.91 32.29 25.18 
1 102 189871 24.91 32.33 29.75 
2 169 189075 24.87 32.99 25.18 
2 169 189475 24.87 33.06 20.60 
2 169 189875 24.89 33.06 20.60 
1 103 190371 24.89 32.36 34.33 
1 103 190771 24.90 32.36 25.18 
1 103 191171 24.91 32.36 29.75 
2 170 190375 24.87 33.06 22.89 
2 170 190776 24.89 33.10 18.31 
2 170 191176 24.89 33.13 25.18 
1 104 191671 24.89 32.40 29.75 
1 104 192071 24.90 32.43 29.75 
1 104 192471 24.90 32.47 25.18 
2 171 191676 24.87 33.13 13.73 
2 171 192076 24.88 33.13 22.89 
2 171 192476 24.89 33.13 25.18 
1 105 192971 24.90 32.47 25.18 
1 105 193371 24.90 32.50 25.18 
1 105 193771 24.91 32.50 22.89 
2 172 192976 24.87 33.16 25.18 
2 172 193376 24.88 33.17 20.60 
2 172 193776 24.88 33.17 25.18 
1 166 272271 24.98 31.73 29.75 
1 166 272671 24.98 31.73 27.47 
1 166 273071 24.99 31.74 22.89 
2 233 272278 24.84 31.86 27.47 
2 233 272678 24.84 31.86 25.18 
2 233 273078 24.85 31.86 25.18 
1 167 273571 24.98 31.73 27.47 
1 167 273971 24.99 31.77 29.75 
1 167 274371 24.99 31.74 32.04 
2 234 273578 24.84 31.93 20.60 
2 234 273978 24.84 31.90 27.47 
2 234 274378 24.84 31.93 20.60 
1 168 274871 24.98 31.77 22.89 
1 168 275271 24.97 31.80 29.75 
1 168 275671 24.99 31.81 27.47 
2 235 274878 24.85 31.94 29.75 
2 235 275278 24.84 31.93 22.89 
2 235 275678 24.85 31.97 20.60 
1 169 276171 24.99 31.81 29.75 
1 169 276570 24.99 31.81 34.33 
1 169 276970 25.00 31.81 32.04 
2 236 276178 24.84 32.00 20.60 
2 236 276578 24.84 32.00 20.60 
2 236 276978 24.85 32.01 13.73 
1 170 277470 24.99 31.84 32.04 
1 170 277870 24.99 31.81 27.47 
1 170 278270 25.01 31.81 34.33 
2 237 277478 24.83 32.00 20.60 
2 237 277878 24.84 32.00 25.18 
2 237 278278 24.84 32.00 25.18 
1 171 278770 24.99 31.84 22.89 
1 171 279170 24.99 31.81 32.04 
1 171 279570 24.99 31.81 29.75 
2 238 278778 24.83 32.00 20.60 
2 238 279178 24.84 32.04 25.18 
2 238 279578 24.84 32.04 27.47 
1 172 280070 24.99 31.84 29.75 
1 172 280470 24.99 31.84 22.89 
1 172 280870 25.00 31.88 32.04 
2 239 280078 24.83 32.04 22.89 
2 239 280478 24.84 32.07 18.31 
2 239 280878 24.84 32.04 20.60 
1 173 281371 24.98 31.88 29.75 
1 173 281770 25.00 31.84 32.04 
1 173 282170 25.00 31.84 22.89 
2 240 281378 24.82 32.07 27.47 
2 240 281778 24.82 32.07 20.60 
2 240 282178 24.85 32.08 18.31 
1 174 282670 24.99 31.88 29.75 
1 174 283070 25.00 31.88 29.75 
1 174 283470 25.01 31.88 27.47 
2 241 282678 24.83 32.07 22.89 
2 241 283078 24.83 32.07 13.73 
2 241 283478 24.83 32.07 22.89 
1 175 283970 24.99 31.88 25.18 
1 175 284370 25.00 31.88 29.75 
1 175 284770 24.99 31.88 25.18 
2 242 283978 24.82 32.11 29.75 
2 242 284378 24.84 32.11 29.75 
2 242 284778 24.84 32.07 25.18 
1 176 285270 24.99 31.88 32.04 
1 176 285670 25.00 31.88 27.47 
1 176 286070 25.00 31.88 22.89 
2 243 285278 24.83 32.07 20.60 
2 243 285678 24.84 32.07 25.18 
2 243 286078 24.84 32.11 20.60 
1 177 286570 24.99 31.88 32.04 
1 177 286970 25.00 31.88 32.04 
1 177 287370 25.01 31.88 29.75 
2 244 286578 24.83 32.11 22.89 
2 244 286978 24.84 32.07 20.60 
2 244 287378 24.83 32.07 22.89 
1 178 287870 24.99 31.88 32.04 
1 178 288270 25.01 31.88 29.75 
1 178 288670 25.01 31.84 27.47 
2 245 287878 24.83 32.07 27.47 
2 245 288278 24.84 32.07 13.73 
2 245 288678 24.83 32.07 27.47 
1 179 289170 25.01 31.88 27.47 
1 179 289570 25.00 31.84 32.04 
1 179 289970 25.01 31.81 36.62 
2 246 289179 24.83 32.07 27.47 
2 246 289579 24.84 32.07 27.47 
2 246 289979 24.83 32.04 25.18 
1 180 290470 25.00 31.81 34.33 
1 180 290870 25.01 31.77 34.33 
1 180 291270 25.00 31.77 36.62 
2 247 290479 24.84 32.04 32.04 
2 247 290879 24.84 32.00 25.18 
2 247 291279 24.84 32.04 29.75 
1 181 291770 25.00 31.74 29.75 
1 181 292170 25.01 31.74 34.33 
1 181 292570 25.00 31.74 29.75 
2 248 291779 24.82 32.00 29.75 
2 248 292179 24.84 32.00 22.89 
2 248 292579 24.83 32.00 22.89 
1 182 293070 25.00 31.70 32.04 
1 182 293470 25.01 31.74 29.75 
1 182 293870 25.01 31.70 27.47 
2 249 293079 24.83 32.00 20.60 
2 249 293479 24.84 32.00 16.02 
2 249 293879 24.84 32.00 27.47 
1 183 294370 25.01 31.70 32.04 
1 183 294770 25.01 31.67 34.33 
1 183 295170 25.01 31.67 29.75 
2 250 294379 24.83 32.00 20.60 
2 250 294779 24.83 32.00 20.60 
2 250 295179 24.83 32.00 27.47 
1 184 295670 25.01 31.67 29.75 
1 184 296070 25.01 31.67 32.04 
1 184 296470 25.01 31.67 34.33 
2 251 295679 24.82 32.00 20.60 
2 251 296079 24.83 32.00 25.18 
2 251 296479 24.82 32.00 20.60 
1 185 296970 25.00 31.67 32.04 
1 185 297370 25.01 31.63 32.04 
1 185 297770 25.01 31.67 34.33 
2 252 296979 24.83 32.00 22.89 
2 252 297379 24.83 32.00 25.18 
2 252 297779 24.84 32.07 16.02 
1 186 298270 25.00 31.67 34.33 
1 186 298670 25.01 31.63 34.33 
1 186 299070 25.01 31.60 25.18 
2 253 298279 24.82 32.07 25.18 
2 253 298679 24.83 32.07 22.89 
2 253 299079 24.83 32.07 27.47 
1 187 299570 25.01 31.63 32.04 
1 187 299970 25.01 31.63 25.18 
1 187 300370 25.00 31.63 27.47 
2 254 299579 24.83 32.07 25.18 
2 254 299979 24.83 32.14 22.89 
2 254 300379 24.83 32.14 18.31 
1 188 300870 24.99 31.67 32.04 
1 188 301270 25.00 31.67 29.75 
1 188 301670 25.02 31.67 18.31 
2 255 300879 24.84 32.18 25.18 
2 255 301279 24.83 32.21 22.89 
2 255 301679 24.84 32.25 25.18 
1 189 302170 25.01 31.67 29.75 
1 189 302570 25.01 31.70 32.04 
1 189 302970 25.01 31.74 34.33 
2 0 302179 24.81 32.28 20.60 
2 0 302579 24.83 32.28 22.89 
2 0 302979 24.82 32.35 22.89 
1 190 303470 25.00 31.74 18.31 
1 190 303871 25.01 31.74 27.47 
1 190 304271 25.01 31.74 27.47 
2 1 303479 24.82 32.35 22.89 
2 1 303879 24.83 32.39 25.18 
2 1 304279 24.83 32.39 13.73 
1 191 304771 25.01 31.74 27.47 
1 191 305171 25.01 31.81 32.04 
1 191 305571 25.01 31.81 32.04 
2 2 304779 24.81 32.42 25.18 
2 2 305179 24.82 32.46 22.89 
2 2 305579 24.83 32.50 20.60 
1 192 306071 25.00 31.81 27.47 
1 192 306471 25.01 31.81 34.33 
1 192 306871 25.02 31.81 29.75 
2 3 306079 24.82 32.49 25.18 
2 3 306479 24.82 32.53 22.89 
2 3 306879 24.83 32.57 22.89 
1 193 307371 25.01 31.88 20.60 
1 193 307771 25.00 31.88 25.18 
1 193 308171 25.01 31.88 32.04 
2 4 307379 24.82 32.56 27.47 
2 4 307779 24.83 32.57 27.47 
2 4 308179 24.83 32.57 25.18 
1 194 308671 25.01 31.91 34.33 
1 194 309071 25.01 31.95 25.18 
1 194 309471 25.01 31.95 27.47 
2 5 308679 24.82 32.60 25.18 
2 5 309079 24.83 32.57 20.60 
2 5 309479 24.82 32.63 20.60 
1 195 309971 25.01 31.95 34.33 
1 195 310371 25.01 31.95 22.89 
1 195 310771 25.02 31.98 32.04 
2 6 309979 24.82 32.60 27.47 
2 6 310379 24.82 32.63 20.60 
2 6 310779 24.83 32.64 25.18 
1 196 311271 25.00 32.02 36.62 
1 196 311671 25.03 32.06 27.47 
1 196 312071 25.02 32.09 29.75 
2 7 311279 24.81 32.63 22.89 
2 7 311679 24.82 32.63 25.18 
2 7 312079 24.82 32.63 22.89 
1 197 312571 25.01 32.09 22.89 
1 197 312971 25.02 32.09 29.75 
1 197 313371 25.02 32.16 27.47 
2 8 312579 24.83 32.64 27.47 
2 8 312979 24.82 32.63 27.47 
2 8 313379 24.83 32.64 25.18 
1 198 313871 25.01 32.16 22.89 
1 198 314271 25.02 32.20 32.04 
1 198 314671 25.02 32.16 29.75 
2 9 313879 24.81 32.63 27.47 
2 9 314279 24.81 32.63 27.47 
2 9 314679 24.82 32.63 22.89 
1 199 315171 25.01 32.23 32.04 
1 199 315571 25.02 32.20 25.18 
1 199 315971 25.03 32.23 36.62 
2 10 315179 24.83 32.64 27.47 
2 10 315580 24.82 32.60 29.75 
2 10 315980 24.83 32.60 20.60 
1 200 316471 25.03 32.23 27.47 
1 200 316871 25.03 32.23 29.75 
1 200 317271 25.03 32.27 27.47 
2 11 316480 24.82 32.56 27.47 
2 11 316880 24.83 32.57 27.47 
2 11 317280 24.82 32.56 25.18 
1 201 317771 25.01 32.26 29.75 
1 201 318171 25.03 32.23 27.47 
1 201 318571 25.02 32.23 29.75 
2 12 317780 24.81 32.56 27.47 
2 12 318180 24.82 32.49 25.18 
2 12 318580 24.82 32.49 18.31 
1 202 319071 25.02 32.23 36.62 
1 202 319471 25.03 32.23 34.33 
1 202 319871 25.02 32.23 32.04 
2 13 319080 24.81 32.49 27.47 
2 13 319480 24.83 32.43 27.47 
2 13 319880 24.83 32.43 25.18 
1 203 320371 25.01 32.23 27.47 
1 203 320771 25.02 32.23 32.04 
1 203 321171 25.02 32.23 20.60 
2 14 320380 24.82 32.42 20.60 
2 14 320780 24.83 32.39 27.47 
2 14 321180 24.83 32.35 18.31 
1 204 321671 25.01 32.19 20.60 
1 204 322071 25.03 32.20 22.89 
1 204 322471 25.03 32.20 27.47 
2 15 321680 24.82 32.35 27.47 
2 15 322080 24.82 32.35 25.18 
2 15 322480 24.83 32.32 22.89 
1 205 322971 25.01 32.19 29.75 
1 205 323371 25.03 32.16 20.60 
1 205 323771 25.03 32.16 20.60 
2 16 322980 24.82 32.28 25.18 
2 16 323380 24.83 32.28 27.47 
2 16 323780 24.83 32.28 20.60 
1 206 324271 25.01 32.16 22.89 
1 206 324671 25.03 32.16 20.60 
1 206 325071 25.03 32.20 20.60 
2 17 324280 24.82 32.28 27.47 
2 17 324680 24.83 32.28 29.75 
2 17 325080 24.82 32.25 25.18 
1 207 325571 25.02 32.16 29.75 
1 207 325971 25.02 32.16 22.89 
1 207 326371 25.03 32.16 29.75 
2 18 325580 24.81 32.21 34.33 
2 18 325980 24.81 32.21 27.47 
2 18 326380 24.83 32.21 25.18 
1 208 326871 25.01 32.16 29.75 
1 208 327271 25.04 32.16 27.47 
1 208 327671 25.04 32.16 20.60 
2 19 326880 24.81 32.21 34.33 
2 19 327280 24.81 32.21 27.47 
2 19 327680 24.84 32.22 27.47 
1 209 328171 25.03 32.16 32.04 
1 209 328571 25.03 32.16 22.89 
1 209 328971 25.04 32.13 27.47 
2 20 328180 24.81 32.21 27.47 
2 20 328580 24.82 32.21 32.04 
2 20 328980 24.83 32.21 34.33 
1 210 329471 25.03 32.13 20.60 
1 210 329871 25.03 32.09 27.47 
1 210 330271 25.04 32.09 22.89 
2 21 329480 24.81 32.21 25.18 
2 21 329880 24.82 32.25 20.60 
2 21 330280 24.83 32.21 32.04 
1 211 330771 25.02 32.13 25.18 
1 211 331171 25.03 32.09 29.75 
1 211 331571 25.05 32.09 25.18 
2 22 330780 24.82 32.21 27.47 
2 22 331180 24.83 32.21 27.47 
2 22 331580 24.83 32.21 27.47 
1 212 332071 25.01 32.09 22.89 
1 212 332471 25.03 32.09 32.04 
1 212 332871 25.03 32.09 25.18 
2 23 332080 24.82 32.25 27.47 
2 23 332480 24.82 32.25 25.18 
2 23 332880 24.82 32.25 25.18 
1 213 333371 25.02 32.09 25.18 
1 213 333771 25.05 32.09 27.47 
1 213 334171 25.05 32.09 27.47 
2 24 333380 24.82 32.25 27.47 
2 24 333780 24.81 32.25 29.75 
2 24 334180 24.81 32.28 25.18 
1 214 334671 25.02 32.09 29.75 
1 214 335071 25.03 32.09 29.75 
1 214 335471 25.04 32.09 25.18 
2 25 334680 24.81 32.28 27.47 
2 25 335080 24.83 32.28 27.47 
2 25 335480 24.83 32.28 32.04 
1 215 335971 25.03 32.13 25.18 
1 215 336371 25.04 32.09 27.47 
1 215 336771 25.05 32.13 27.47 
2 26 335980 24.82 32.28 29.75 
2 26 336380 24.82 32.28 27.47 
2 26 336780 24.83 32.28 27.47 
1 216 337271 25.02 32.13 27.47 
1 216 337671 25.04 32.09 27.47 
1 216 338071 25.05 32.09 29.75 
2 27 337280 24.81 32.28 29.75 
2 27 337680 24.82 32.28 27.47 
2 27 338080 24.82 32.28 29.75 
1 217 338571 25.03 32.09 29.75 
1 217 338971 25.04 32.09 22.89 
1 217 339371 25.04 32.09 29.75 
2 28 338580 24.81 32.35 27.47 
2 28 338980 24.81 32.35 32.04 
2 28 339380 24.81 32.35 25.18 
1 218 339871 25.04 32.09 27.47 
1 218 340271 25.05 32.06 25.18 
1 218 340671 25.05 32.06 29.75 
2 29 339880 24.82 32.35 29.75 
2 29 340280 24.82 32.35 29.75 
2 29 340680 24.82 32.35 25.18 
1 219 341171 25.05 32.02 29.75 
1 219 341571 25.05 32.02 25.18 
1 219 341971 25.05 32.02 27.47 
2 30 341180 24.81 32.35 25.18 
2 30 341580 24.83 32.39 29.75 
2 30 341981 24.82 32.39 32.04 
1 220 342471 25.03 32.02 25.18 
1 220 342871 25.04 32.02 25.18 
1 220 343271 25.05 32.02 29.75 
2 31 342481 24.81 32.42 25.18 
2 31 342881 24.82 32.42 25.18 
2 31 343281 24.83 32.43 0.00 
1 221 343771 25.04 31.99 32.04 
1 221 344171 25.05 32.02 34.33 
1 221 344571 25.05 32.02 32.04 
2 32 343781 24.82 32.42 0.00 
2 32 344181 24.82 32.42 20.60 
2 32 344581 24.82 32.42 29.75 
1 222 345071 25.04 32.02 22.89 
1 222 345471 25.05 31.99 34.33 
1 222 345871 25.04 32.02 25.18 
2 33 345081 24.81 32.42 29.75 
2 33 345481 24.82 32.49 29.75 
2 33 345881 24.82 32.46 36.62 
1 223 346371 25.05 32.02 27.47 
1 223 346771 25.05 32.02 34.33 
1 223 347171 25.05 32.02 32.04 
2 34 346381 24.82 32.49 27.47 
2 34 346781 24.81 32.46 18.31 
2 34 347181 24.82 32.46 29.75 
1 224 347671 25.05 32.02 32.04 
1 224 348071 25.06 32.02 27.47 
1 224 348471 25.05 32.02 29.75 
2 35 347681 24.81 32.46 32.04 
2 35 348081 24.82 32.49 32.04 
2 35 348481 24.82 32.49 32.04 
1 225 348971 25.04 32.02 34.33 
1 225 349371 25.05 32.02 29.75 
1 225 349771 25.05 32.02 29.75 
2 36 348981 24.80 32.49 27.47 
2 36 349381 24.82 32.49 25.18 
2 36 349781 24.83 32.50 20.60 
1 226 350271 25.04 31.99 29.75 
1 226 350671 25.06 32.02 41.20 
1 226 351071 25.06 31.99 32.04 
2 37 350281 24.81 32.49 22.89 
2 37 350681 24.83 32.50 25.18 
2 37 351081 24.82 32.49 25.18 
1 227 351571 25.04 31.95 0.00 
1 227 351971 25.05 31.95 25.18 
1 227 352371 25.06 31.95 34.33 
2 38 351581 24.81 32.49 27.47 
2 38 351981 24.81 32.49 25.18 
2 38 352381 24.82 32.49 32.04 
1 228 352871 25.06 31.95 18.31 
1 228 353271 25.05 31.92 43.49 
1 228 353671 25.05 31.92 27.47 
2 39 352881 24.81 32.49 27.47 
2 39 353281 24.83 32.50 34.33 
2 39 353681 24.83 32.50 22.89 
1 229 354171 25.05 31.92 27.47 
1 229 354571 25.05 31.88 27.47 
1 229 354971 25.05 31.88 41.20 
2 40 354181 24.81 32.49 32.04 
2 40 354581 24.81 32.49 32.04 
2 40 354981 24.82 32.46 25.18 
1 230 355471 25.04 31.88 22.89 
1 230 355871 25.05 31.88 48.07 
1 230 356271 25.05 31.85 11.44 
2 41 355481 24.81 32.46 27.47 
2 41 355881 24.81 32.42 25.18 
2 41 356281 24.82 32.42 25.18 
1 231 356771 25.05 31.81 32.04 
1 231 357171 25.05 31.85 29.75 
1 231 357571 25.06 31.81 36.62 
2 42 356781 24.80 32.42 29.75 
2 42 357181 24.81 32.39 32.04 
2 42 357581 24.82 32.35 34.33 
1 232 358071 25.04 31.81 2.29 
1 232 358471 25.06 31.81 36.62 
1 232 358871 25.05 31.78 25.18 
2 43 358081 24.81 32.35 20.60 
2 43 358481 24.82 32.35 27.47 
2 43 358881 24.81 32.35 32.04 
1 233 359371 25.05 31.74 27.47 
1 233 359771 25.05 31.74 34.33 
1 233 360171 25.06 31.74 41.20 
2 44 359381 24.81 32.28 34.33 
2 44 359781 24.82 32.28 34.33 
2 44 360181 24.81 32.28 27.47 
1 234 360671 25.06 31.74 22.89 
1 234 361071 25.05 31.74 36.62 
1 234 361471 25.06 31.71 22.89 
2 45 360681 24.80 32.28 18.31 
2 45 361081 24.81 32.28 32.04 
2 45 361481 24.82 32.21 34.33 
1 235 361971 25.05 31.67 27.47 
1 235 362371 25.06 31.67 20.60 
1 235 362771 25.06 31.67 32.04 
2 46 361981 24.81 32.25 27.47 
2 46 362381 24.81 32.21 22.89 
2 46 362781 24.81 32.21 22.89 
1 236 363271 25.05 31.67 25.18 
1 236 363671 25.05 31.67 34.33 
1 236 364071 25.06 31.67 25.18 
2 47 363281 24.81 32.18 29.75 
2 47 363681 24.81 32.18 6.87 
2 47 364081 24.81 32.18 29.75 
1 237 364571 25.06 31.64 29.75 
1 237 364971 25.06 31.64 0.00 
1 237 365371 25.06 31.60 32.04 
2 48 364581 24.80 32.14 29.75 
2 48 364981 24.81 32.14 32.04 
2 48 365381 24.81 32.14 25.18 
1 238 365871 25.05 31.60 27.47 
1 238 366271 25.06 31.60 27.47 
1 238 366671 25.06 31.60 34.33 
2 49 365881 24.80 32.14 36.62 
2 49 366281 24.81 32.14 18.31 
2 49 366681 24.82 32.07 27.47 
1 239 367171 25.06 31.57 29.75 
1 239 367571 25.06 31.57 0.00 
1 239 367971 25.06 31.53 27.47 
2 50 367181 24.79 32.07 29.75 
2 50 367581 24.81 32.07 25.18 
2 50 367981 24.81 32.07 27.47 
1 240 368471 25.05 31.56 0.00 
1 240 368871 25.06 31.53 29.75 
1 240 369271 25.06 31.53 25.18 
2 51 368482 24.80 32.07 27.47 
2 51 368882 24.81 32.07 22.89 
2 51 369282 24.81 32.04 32.04 
1 241 369771 25.06 31.53 32.04 
1 241 370171 25.06 31.53 27.47 
1 241 370571 25.06 31.53 18.31 
2 52 369783 24.80 32.07 18.31 
2 52 370183 24.82 32.00 6.87 
2 52 370583 24.81 32.04 32.04 
1 242 371071 25.05 31.46 25.18 
1 242 371471 25.06 31.49 32.04 
1 242 371871 25.06 31.46 25.18 
2 53 371083 24.81 32.00 29.75 
2 53 371484 24.81 32.04 27.47 
2 53 371884 24.80 32.00 18.31 
1 243 372371 25.06 31.46 27.47 
1 243 372771 25.06 31.46 27.47 
1 243 373171 25.06 31.46 6.87 
2 54 372384 24.81 32.00 34.33 
2 54 372785 24.81 31.97 27.47 
2 54 373184 24.82 32.00 25.18 
1 244 373671 25.06 31.46 29.75 
1 244 374071 25.06 31.46 29.75 
1 244 374471 25.06 31.46 22.89 
2 55 373684 24.81 32.00 32.04 
2 55 374084 24.83 31.93 2.29 
2 55 374484 24.82 32.00 22.89 
1 245 374971 25.05 31.42 25.18 
1 245 375371 25.06 31.43 27.47 
1 245 375771 25.07 31.39 29.75 
2 56 374984 24.80 31.97 36.62 
2 56 375384 24.81 31.97 25.18 
2 56 375784 24.81 31.97 22.89 
1 246 376271 25.06 31.43 25.18 
1 246 376671 25.06 31.39 29.75 
1 246 377071 25.06 31.39 25.18 
2 57 376285 24.80 32.00 25.18 
2 57 376685 24.81 32.00 6.87 
2 57 377085 24.81 32.00 20.60 
1 247 377571 25.06 31.39 29.75 
1 247 377971 25.06 31.39 27.47 
1 247 378371 25.07 31.39 29.75 
2 58 377585 24.81 31.97 27.47 
2 58 377985 24.81 32.00 32.04 
2 58 378385 24.81 32.00 20.60 
1 248 378871 25.06 31.39 29.75 
1 248 379271 25.06 31.39 27.47 
1 248 379671 25.06 31.39 27.47 
2 59 378885 24.80 32.00 27.47 
2 59 379285 24.81 32.00 25.18 
2 59 379685 24.82 31.97 34.33 
1 249 380171 25.06 31.39 29.75 
1 249 380571 25.06 31.39 27.47 
1 249 380971 25.07 31.39 29.75 
2 60 380185 24.81 32.00 11.44 
2 60 380585 24.80 31.97 27.47 
2 60 380985 24.81 31.97 38.91 
1 250 381471 25.06 31.39 29.75 
1 250 381871 25.07 31.39 29.75 
1 250 382271 25.07 31.39 29.75 
2 61 381485 24.80 32.00 27.47 
2 61 381885 24.80 32.00 34.33 
2 61 382285 24.80 32.00 27.47 
1 251 382771 25.06 31.39 29.75 
1 251 383171 25.07 31.39 27.47 
1 251 383571 25.07 31.39 25.18 
2 62 382785 24.79 32.00 36.62 
2 62 383185 24.81 32.00 29.75 
2 62 383585 24.81 32.00 22.89 
1 252 384071 25.06 31.39 25.18 
1 252 384471 25.07 31.39 29.75 
1 252 384871 25.07 31.39 25.18 
2 63 384086 24.79 32.00 34.33 
2 63 384486 24.80 32.00 27.47 
2 63 384886 24.81 32.00 25.18 
1 253 385371 25.06 31.39 32.04 
1 253 385771 25.06 31.39 27.47 
1 253 386171 25.07 31.39 27.47 
2 64 385386 24.79 32.00 29.75 
2 64 385786 24.81 32.00 29.75 
2 64 386186 24.81 32.00 27.47 
1 254 386671 25.06 31.39 29.75 
1 254 387071 25.06 31.43 36.62 
1 254 387471 25.07 31.39 25.18 
2 65 386687 24.79 32.00 29.75 
2 65 387087 24.81 32.00 25.18 
2 65 387487 24.81 32.00 25.18 
1 255 387971 25.06 31.43 32.04 
1 255 388371 25.08 31.39 27.47 
1 255 388771 25.07 31.43 29.75 
2 66 387987 24.79 32.00 25.18 
2 66 388387 24.80 32.00 29.75 
2 66 388787 24.80 32.00 22.89 
1 0 389271 25.07 31.43 27.47 
1 0 389671 25.08 31.43 25.18 
1 0 390071 25.07 31.43 25.18 
2 67 389287 24.80 32.00 6.87 
2 67 389687 24.80 32.00 29.75 
2 67 390087 24.80 32.00 22.89 
1 1 392288 25.03 31.46 27.47 
1 1 392788 25.05 31.39 36.62 
1 1 393288 25.06 31.46 27.47 
2 68 392289 24.76 32.03 13.73 
2 68 392789 24.77 32.03 20.60 
2 68 393289 24.78 32.03 36.62 
1 2 394288 25.04 31.46 27.47 
1 2 394788 25.05 31.46 29.75 
1 2 395288 25.05 31.46 34.33 
2 69 394289 24.75 32.00 27.47 
2 69 394789 24.76 32.00 25.18 
2 69 395289 24.77 32.03 0.00 
1 3 396288 25.03 31.46 11.44 
1 3 396788 25.03 31.46 27.47 
1 3 397288 25.05 31.46 25.18 
2 70 396289 24.74 32.00 22.89 
2 70 396789 24.75 32.03 16.02 
2 70 397290 24.75 32.03 16.02 
1 4 398288 25.02 31.46 27.47 
1 4 398788 25.04 31.46 34.33 
1 4 399288 25.04 31.46 36.62 
2 71 398290 24.74 32.00 25.18 
2 71 398790 24.75 32.03 22.89 
2 71 399290 24.76 32.00 16.02 
1 5 400288 25.01 31.46 27.47 
1 5 400788 25.04 31.46 27.47 
1 5 401288 25.03 31.42 29.75 
2 72 400289 24.73 32.00 9.16 
2 72 400789 24.73 32.00 20.60 
2 72 401289 24.75 32.00 27.47 
1 6 402288 25.01 31.46 34.33 
1 6 402788 25.02 31.46 36.62 
1 6 403288 25.04 31.46 29.75 
2 73 402289 24.73 32.00 29.75 
2 73 402789 24.74 32.03 0.00 
2 73 403289 24.75 32.00 25.18 
1 7 404288 25.00 31.45 29.75 
1 7 404788 25.02 31.46 32.04 
1 7 405288 25.03 31.46 25.18 
2 74 404289 24.72 32.06 20.60 
2 74 404789 24.75 32.07 9.16 
2 74 405289 24.74 32.03 16.02 
1 8 406288 25.01 31.49 16.02 
1 8 406788 25.03 31.49 27.47 
1 8 407288 25.03 31.53 27.47 
2 75 406289 24.73 32.07 25.18 
2 75 406789 24.73 32.07 9.16 
2 75 407289 24.75 32.07 18.31 
1 9 408288 25.02 31.53 34.33 
1 9 408788 25.03 31.53 27.47 
1 9 409288 25.03 31.53 32.04 
2 76 408290 24.72 32.06 16.02 
2 76 408790 24.74 32.07 25.18 
2 76 409290 24.73 32.07 25.18 
2 76 408290 24.72 32.06 16.02 
2 76 408790 24.74 32.07 25.18 
2 76 409290 24.73 32.07 25.18 
2 74 404289 24.72 32.06 20.60 
2 74 404789 24.75 32.07 9.16 
2 74 405289 24.74 32.03 16.02 
1 8 406288 25.01 31.49 16.02 
1 8 406788 25.03 31.49 27.47 
1 8 407288 25.03 31.53 27.47 
2 75 406289 24.73 32.07 25.18 
2 75 406789 24.73 32.07 9.16 
2 75 407289 24.75 32.07 18.31 
1 9 408288 25.02 31.53 34.33 
1 9 408788 25.03 31.53 27.47 
1 9 409288 25.03 31.53 32.04 
2 76 408290 24.72 32.06 16.02 
2 76 408790 24.74 32.07 25.18 
2 76 409290 24.73 32.07 25.18 
1 10 410288 25.01 31.60 25.18 
1 10 410788 25.02 31.56 29.75 
1 10 411288 25.03 31.56 27.47 
2 77 410290 24.72 32.10 25.18 
2 77 410790 24.73 32.14 27.47 
2 77 411290 24.73 32.14 27.47 
1 11 412288 25.01 31.56 32.04 
1 11 412788 25.03 31.53 29.75 
1 11 413288 25.03 31.53 25.18 
2 78 412290 24.71 32.13 13.73 
2 78 412790 24.73 32.14 13.73 
2 78 413289 24.73 32.17 2.29 
1 12 414288 25.01 31.56 29.75 
1 12 414788 25.03 31.56 29.75 
1 12 415288 25.02 31.56 29.75 
2 79 414289 24.71 32.20 25.18 
2 79 414789 24.71 32.20 22.89 
2 79 415289 24.73 32.21 22.89 
1 13 416288 25.01 31.53 18.31 
1 13 416788 25.03 31.56 16.02 
1 13 417288 25.03 31.56 25.18 
2 80 416289 24.71 32.20 25.18 
2 80 416789 24.73 32.21 20.60 
2 80 417289 24.73 32.24 22.89 
1 14 418288 25.01 31.53 25.18 
1 14 418788 25.03 31.53 29.75 
1 14 419288 25.04 31.53 18.31 
2 81 418290 24.71 32.20 27.47 
2 81 418790 24.73 32.28 27.47 
2 81 419290 24.73 32.28 20.60 
1 15 420288 25.01 31.53 20.60 
1 15 420788 25.02 31.56 18.31 
1 15 421288 25.03 31.53 25.18 
2 82 420290 24.70 32.27 27.47 
2 82 420790 24.73 32.28 25.18 
2 82 421290 24.72 32.31 25.18 
